{
  "CamerasIntrinsics": [
    {
      "cameraID": 1,
      "cameraName": "Fisheye",
      "distortionModel": "F_theta",
      "focalLength": {
        "x": 263.7718,
        "y": 261.9712
      },
      "k": [
        0.8884494,
        0.0,
        0.0,
        0.0,
        0.0
      ],
      "principalPoint": {
        "x": 322.4443,
        "y": 244.0826
      },
      "resolution": {
        "mHeight": 480,
        "mWidth": 640
      }
    },
    {
      "cameraID": 1,
      "cameraName": "F200 Depth",
      "distortionModel": "DS4_distortion",
      "focalLength": {
        "x": 451.55014,
        "y": 451.55014
      },
      "principalPoint": {
        "x": 246.98486,
        "y": 178.39691
      },
      "resolution": {
        "mHeight": 360,
        "mWidth": 480
      }
    },
    {
      "cameraID": 1,
      "cameraName": "F200 RGB",
      "distortionModel": "DS4_distortion",
      "focalLength": {
        "x": 927.8352,
        "y": 930.0175
      },
      "k": [
        0.0654658,
        -0.110237256,
        -6.564653E-4,
        -0.0015503593,
        0.0
      ],
      "principalPoint": {
        "x": 641.7491,
        "y": 358.13586
      },
      "resolution": {
        "mHeight": 720,
        "mWidth": 1280
      }
    },
    {
      "cameraID": 1,
      "cameraName": "F200 Depth",
      "distortionModel": "DS4_distortion",
      "focalLength": {
        "x": 305.09973,
        "y": 305.09973
      },
      "principalPoint": {
        "x": 164.17987,
        "y": 118.59181
      },
      "resolution": {
        "mHeight": 240,
        "mWidth": 320
      }
    },
    {
      "cameraID": 1,
      "cameraName": "F200 RGB",
      "distortionModel": "DS4_distortion",
      "focalLength": {
        "x": 927.8352,
        "y": 930.0175
      },
      "k": [
        0.0654658,
        -0.110237256,
        -6.564653E-4,
        -0.0015503593,
        0.0
      ],
      "principalPoint": {
        "x": 641.7491,
        "y": 358.13586
      },
      "resolution": {
        "mHeight": 720,
        "mWidth": 1280
      }
    },
    {
      "cameraID": 1,
      "cameraName": "F200 Depth",
      "distortionModel": "DS4_distortion",
      "focalLength": {
        "x": 587.65894,
        "y": 587.65894
      },
      "principalPoint": {
        "x": 323.241,
        "y": 233.5
      },
      "resolution": {
        "mHeight": 468,
        "mWidth": 628
      }
    },
    {
      "cameraID": 1,
      "cameraName": "F200 RGB",
      "distortionModel": "DS4_distortion",
      "focalLength": {
        "x": 927.8352,
        "y": 930.0175
      },
      "k": [
        0.0654658,
        -0.110237256,
        -6.564653E-4,
        -0.0015503593,
        0.0
      ],
      "principalPoint": {
        "x": 641.7491,
        "y": 358.13586
      },
      "resolution": {
        "mHeight": 720,
        "mWidth": 1280
      }
    }
  ],
  "Extrinsics": [
    {
      "A_ID": 0,
      "B_ID": 1,
      "name": "depth to color",
      "rotation_A_to_B": [
        [
          0.99997795,
          -3.1460027E-4,
          0.0066372384
        ],
        [
          3.4148846E-4,
          0.9999917,
          -0.004050375
        ],
        [
          -0.0066359094,
          0.0040525524,
          0.9999698
        ]
      ],
      "translation_A_to_B": [
        -57.82596,
        -0.08518753,
        0.44742364
      ]
    },
    {
      "A_ID": 0,
      "B_ID": 2,
      "name": "depth to world",
      "rotation_A_to_B": [
        [
          1.0,
          -5.9645E-11,
          1.7308741E-12
        ],
        [
          -5.9645E-11,
          1.0,
          -8.6686935E-13
        ],
        [
          1.7308741E-12,
          -8.6686935E-13,
          1.0
        ]
      ],
      "translation_A_to_B": [
        0.0,
        0.0,
        0.0
      ]
    },
    {
      "A_ID": 0,
      "B_ID": 1,
      "name": "depth to color",
      "rotation_A_to_B": [
        [
          0.99997795,
          -3.1460027E-4,
          0.0066372384
        ],
        [
          3.4148846E-4,
          0.9999917,
          -0.004050375
        ],
        [
          -0.0066359094,
          0.0040525524,
          0.9999698
        ]
      ],
      "translation_A_to_B": [
        -57.82596,
        -0.08518753,
        0.44742364
      ]
    },
    {
      "A_ID": 0,
      "B_ID": 2,
      "name": "depth to world",
      "rotation_A_to_B": [
        [
          1.0,
          -5.9645E-11,
          1.7308741E-12
        ],
        [
          -5.9645E-11,
          1.0,
          -8.6686935E-13
        ],
        [
          1.7308741E-12,
          -8.6686935E-13,
          1.0
        ]
      ],
      "translation_A_to_B": [
        0.0,
        0.0,
        0.0
      ]
    },
    {
      "A_ID": 0,
      "B_ID": 1,
      "name": "depth to color",
      "rotation_A_to_B": [
        [
          0.99997795,
          -3.1460027E-4,
          0.0066372384
        ],
        [
          3.4148846E-4,
          0.9999917,
          -0.004050375
        ],
        [
          -0.0066359094,
          0.0040525524,
          0.9999698
        ]
      ],
      "translation_A_to_B": [
        -57.82596,
        -0.08518753,
        0.44742364
      ]
    },
    {
      "A_ID": 0,
      "B_ID": 2,
      "name": "depth to world",
      "rotation_A_to_B": [
        [
          1.0,
          -5.9645E-11,
          1.7308741E-12
        ],
        [
          -5.9645E-11,
          1.0,
          -8.6686935E-13
        ],
        [
          1.7308741E-12,
          -8.6686935E-13,
          1.0
        ]
      ],
      "translation_A_to_B": [
        0.0,
        0.0,
        0.0
      ]
    },
    {
      "A_ID": 100,
      "B_ID": 0,
      "name": "fisheye_wrt_imu",
      "rotation_A_to_B": [
        [
          1.0,
          0.0,
          0.0
        ],
        [
          0.0,
          1.0,
          0.0
        ],
        [
          0.0,
          0.0,
          1.0
        ]
      ],
      "translation_A_to_B": [
        0.00831,
        0.00229,
        0.00451
      ]
    },
    {
      "A_ID": 100,
      "B_ID": 1,
      "name": "narrow_wrt_imu",
      "rotation_A_to_B": [
        [
          1.0,
          0.0,
          0.0
        ],
        [
          0.0,
          1.0,
          0.0
        ],
        [
          0.0,
          0.0,
          1.0
        ]
      ],
      "translation_A_to_B": [
        0.09499,
        0.00229,
        0.00164
      ]
    },
    {
      "A_ID": 100,
      "B_ID": 2,
      "name": "depth_wrt_imu",
      "rotation_A_to_B": [
        [
          1.0,
          0.0,
          0.0
        ],
        [
          0.0,
          1.0,
          0.0
        ],
        [
          0.0,
          0.0,
          1.0
        ]
      ],
      "translation_A_to_B": [
        0.03659,
        0.00229,
        0.00197
      ]
    }
  ]
}