{
  "CamerasIntrinsics": [
    {
      "cameraID": 1,
      "cameraName": "Fisheye",
      "distortionModel": "F_theta",
      "focalLength": {
        "x": 263.6219,
        "y": 261.5386
      },
      "k": [
        0.8856106,
        0.0,
        0.0,
        0.0,
        0.0
      ],
      "principalPoint": {
        "x": 321.52,
        "y": 233.8481
      },
      "resolution": {
        "mHeight": 480,
        "mWidth": 640
      }
    },
    {
      "cameraID": 1,
      "cameraName": "F200 Depth",
      "distortionModel": "DS4_distortion",
      "focalLength": {
        "x": 448.9914,
        "y": 448.9914
      },
      "principalPoint": {
        "x": 239.49998,
        "y": 179.15385
      },
      "resolution": {
        "mHeight": 360,
        "mWidth": 480
      }
    },
    {
      "cameraID": 1,
      "cameraName": "F200 RGB",
      "distortionModel": "DS4_distortion",
      "focalLength": {
        "x": 925.0384,
        "y": 927.1767
      },
      "k": [
        0.08222392,
        -0.15307987,
        4.2586456E-4,
        -0.0011216046,
        0.0
      ],
      "principalPoint": {
        "x": 655.0926,
        "y": 355.95193
      },
      "resolution": {
        "mHeight": 720,
        "mWidth": 1280
      }
    },
    {
      "cameraID": 1,
      "cameraName": "F200 Depth",
      "distortionModel": "DS4_distortion",
      "focalLength": {
        "x": 303.76508,
        "y": 303.76508
      },
      "principalPoint": {
        "x": 159.50002,
        "y": 119.26582
      },
      "resolution": {
        "mHeight": 240,
        "mWidth": 320
      }
    },
    {
      "cameraID": 1,
      "cameraName": "F200 RGB",
      "distortionModel": "DS4_distortion",
      "focalLength": {
        "x": 925.0384,
        "y": 927.1767
      },
      "k": [
        0.08222392,
        -0.15307987,
        4.2586456E-4,
        -0.0011216046,
        0.0
      ],
      "principalPoint": {
        "x": 655.0926,
        "y": 355.95193
      },
      "resolution": {
        "mHeight": 720,
        "mWidth": 1280
      }
    },
    {
      "cameraID": 1,
      "cameraName": "F200 Depth",
      "distortionModel": "DS4_distortion",
      "focalLength": {
        "x": 579.69507,
        "y": 579.69507
      },
      "principalPoint": {
        "x": 313.5,
        "y": 233.05309
      },
      "resolution": {
        "mHeight": 468,
        "mWidth": 628
      }
    },
    {
      "cameraID": 1,
      "cameraName": "F200 RGB",
      "distortionModel": "DS4_distortion",
      "focalLength": {
        "x": 925.0384,
        "y": 927.1767
      },
      "k": [
        0.08222392,
        -0.15307987,
        4.2586456E-4,
        -0.0011216046,
        0.0
      ],
      "principalPoint": {
        "x": 655.0926,
        "y": 355.95193
      },
      "resolution": {
        "mHeight": 720,
        "mWidth": 1280
      }
    }
  ],
  "Extrinsics": [
    {
      "A_ID": 0,
      "B_ID": 1,
      "name": "depth to color",
      "rotation_A_to_B": [
        [
          0.9999997,
          -5.675711E-4,
          -4.4788403E-4
        ],
        [
          5.6641275E-4,
          0.9999965,
          -0.0025822178
        ],
        [
          4.4934798E-4,
          0.0025819633,
          0.9999966
        ]
      ],
      "translation_A_to_B": [
        -57.77341,
        -0.028838456,
        -1.2050917
      ]
    },
    {
      "A_ID": 0,
      "B_ID": 2,
      "name": "depth to world",
      "rotation_A_to_B": [
        [
          0.99999994,
          1.6486184E-11,
          -3.250991E-11
        ],
        [
          1.6486184E-11,
          0.99999994,
          -3.0983747E-11
        ],
        [
          -3.250991E-11,
          -3.0983747E-11,
          1.0
        ]
      ],
      "translation_A_to_B": [
        0.0,
        0.0,
        0.0
      ]
    },
    {
      "A_ID": 0,
      "B_ID": 1,
      "name": "depth to color",
      "rotation_A_to_B": [
        [
          0.9999997,
          -5.675711E-4,
          -4.4788403E-4
        ],
        [
          5.6641275E-4,
          0.9999965,
          -0.0025822178
        ],
        [
          4.4934798E-4,
          0.0025819633,
          0.9999966
        ]
      ],
      "translation_A_to_B": [
        -57.77341,
        -0.028838456,
        -1.2050917
      ]
    },
    {
      "A_ID": 0,
      "B_ID": 2,
      "name": "depth to world",
      "rotation_A_to_B": [
        [
          0.99999994,
          1.6486184E-11,
          -3.250991E-11
        ],
        [
          1.6486184E-11,
          0.99999994,
          -3.0983747E-11
        ],
        [
          -3.250991E-11,
          -3.0983747E-11,
          1.0
        ]
      ],
      "translation_A_to_B": [
        0.0,
        0.0,
        0.0
      ]
    },
    {
      "A_ID": 0,
      "B_ID": 1,
      "name": "depth to color",
      "rotation_A_to_B": [
        [
          0.9999997,
          -5.675711E-4,
          -4.4788403E-4
        ],
        [
          5.6641275E-4,
          0.9999965,
          -0.0025822178
        ],
        [
          4.4934798E-4,
          0.0025819633,
          0.9999966
        ]
      ],
      "translation_A_to_B": [
        -57.77341,
        -0.028838456,
        -1.2050917
      ]
    },
    {
      "A_ID": 0,
      "B_ID": 2,
      "name": "depth to world",
      "rotation_A_to_B": [
        [
          0.99999994,
          1.6486184E-11,
          -3.250991E-11
        ],
        [
          1.6486184E-11,
          0.99999994,
          -3.0983747E-11
        ],
        [
          -3.250991E-11,
          -3.0983747E-11,
          1.0
        ]
      ],
      "translation_A_to_B": [
        0.0,
        0.0,
        0.0
      ]
    },
    {
      "A_ID": 100,
      "B_ID": 0,
      "name": "fisheye_wrt_imu",
      "rotation_A_to_B": [
        [
          1.0,
          0.0,
          0.0
        ],
        [
          0.0,
          1.0,
          0.0
        ],
        [
          0.0,
          0.0,
          1.0
        ]
      ],
      "translation_A_to_B": [
        0.00831,
        0.00229,
        0.00451
      ]
    },
    {
      "A_ID": 100,
      "B_ID": 1,
      "name": "narrow_wrt_imu",
      "rotation_A_to_B": [
        [
          1.0,
          0.0,
          0.0
        ],
        [
          0.0,
          1.0,
          0.0
        ],
        [
          0.0,
          0.0,
          1.0
        ]
      ],
      "translation_A_to_B": [
        0.09499,
        0.00229,
        0.00164
      ]
    },
    {
      "A_ID": 100,
      "B_ID": 2,
      "name": "depth_wrt_imu",
      "rotation_A_to_B": [
        [
          1.0,
          0.0,
          0.0
        ],
        [
          0.0,
          1.0,
          0.0
        ],
        [
          0.0,
          0.0,
          1.0
        ]
      ],
      "translation_A_to_B": [
        0.03659,
        0.00229,
        0.00197
      ]
    }
  ]
}