{
  "CamerasIntrinsics": [
    {
      "cameraID": 1,
      "cameraName": "Fisheye",
      "distortionModel": "F_theta",
      "focalLength": {
        "x": 261.6972,
        "y": 259.621
      },
      "k": [
        0.8892945,
        0.0,
        0.0,
        0.0,
        0.0
      ],
      "principalPoint": {
        "x": 315.8029,
        "y": 230.7629
      },
      "resolution": {
        "mHeight": 480,
        "mWidth": 640
      }
    },
    {
      "cameraID": 1,
      "cameraName": "F200 Depth",
      "distortionModel": "DS4_distortion",
      "focalLength": {
        "x": 449.55405,
        "y": 449.55405
      },
      "principalPoint": {
        "x": 241.03128,
        "y": 177.80237
      },
      "resolution": {
        "mHeight": 360,
        "mWidth": 480
      }
    },
    {
      "cameraID": 1,
      "cameraName": "F200 RGB",
      "distortionModel": "DS4_distortion",
      "focalLength": {
        "x": 927.16974,
        "y": 929.08673
      },
      "k": [
        0.07185271,
        -0.124154605,
        -6.27556E-4,
        -4.5493467E-5,
        0.0
      ],
      "principalPoint": {
        "x": 631.0883,
        "y": 349.46964
      },
      "resolution": {
        "mHeight": 720,
        "mWidth": 1280
      }
    },
    {
      "cameraID": 1,
      "cameraName": "F200 Depth",
      "distortionModel": "DS4_distortion",
      "focalLength": {
        "x": 304.14572,
        "y": 304.14572
      },
      "principalPoint": {
        "x": 159.94301,
        "y": 118.35146
      },
      "resolution": {
        "mHeight": 240,
        "mWidth": 320
      }
    },
    {
      "cameraID": 1,
      "cameraName": "F200 RGB",
      "distortionModel": "DS4_distortion",
      "focalLength": {
        "x": 927.16974,
        "y": 929.08673
      },
      "k": [
        0.07185271,
        -0.124154605,
        -6.27556E-4,
        -4.5493467E-5,
        0.0
      ],
      "principalPoint": {
        "x": 631.0883,
        "y": 349.46964
      },
      "resolution": {
        "mHeight": 720,
        "mWidth": 1280
      }
    },
    {
      "cameraID": 1,
      "cameraName": "F200 Depth",
      "distortionModel": "DS4_distortion",
      "focalLength": {
        "x": 580.4215,
        "y": 580.4215
      },
      "principalPoint": {
        "x": 318.01074,
        "y": 231.30817
      },
      "resolution": {
        "mHeight": 468,
        "mWidth": 628
      }
    },
    {
      "cameraID": 1,
      "cameraName": "F200 RGB",
      "distortionModel": "DS4_distortion",
      "focalLength": {
        "x": 927.16974,
        "y": 929.08673
      },
      "k": [
        0.07185271,
        -0.124154605,
        -6.27556E-4,
        -4.5493467E-5,
        0.0
      ],
      "principalPoint": {
        "x": 631.0883,
        "y": 349.46964
      },
      "resolution": {
        "mHeight": 720,
        "mWidth": 1280
      }
    }
  ],
  "Extrinsics": [
    {
      "A_ID": 0,
      "B_ID": 1,
      "name": "depth to color",
      "rotation_A_to_B": [
        [
          0.99998635,
          -0.0052034445,
          -4.9840304E-4
        ],
        [
          0.00520108,
          0.99997574,
          -0.004633299
        ],
        [
          5.2250014E-4,
          0.004630644,
          0.99998915
        ]
      ],
      "translation_A_to_B": [
        -58.81692,
        0.65860546,
        -1.1461523
      ]
    },
    {
      "A_ID": 0,
      "B_ID": 2,
      "name": "depth to world",
      "rotation_A_to_B": [
        [
          1.0,
          -1.4679433E-11,
          5.373583E-11
        ],
        [
          -1.4679433E-11,
          1.0,
          -2.1136138E-11
        ],
        [
          5.373583E-11,
          -2.1136138E-11,
          1.0
        ]
      ],
      "translation_A_to_B": [
        0.0,
        0.0,
        0.0
      ]
    },
    {
      "A_ID": 0,
      "B_ID": 1,
      "name": "depth to color",
      "rotation_A_to_B": [
        [
          0.99998635,
          -0.0052034445,
          -4.9840304E-4
        ],
        [
          0.00520108,
          0.99997574,
          -0.004633299
        ],
        [
          5.2250014E-4,
          0.004630644,
          0.99998915
        ]
      ],
      "translation_A_to_B": [
        -58.81692,
        0.65860546,
        -1.1461523
      ]
    },
    {
      "A_ID": 0,
      "B_ID": 2,
      "name": "depth to world",
      "rotation_A_to_B": [
        [
          1.0,
          -1.4679433E-11,
          5.373583E-11
        ],
        [
          -1.4679433E-11,
          1.0,
          -2.1136138E-11
        ],
        [
          5.373583E-11,
          -2.1136138E-11,
          1.0
        ]
      ],
      "translation_A_to_B": [
        0.0,
        0.0,
        0.0
      ]
    },
    {
      "A_ID": 0,
      "B_ID": 1,
      "name": "depth to color",
      "rotation_A_to_B": [
        [
          0.99998635,
          -0.0052034445,
          -4.9840304E-4
        ],
        [
          0.00520108,
          0.99997574,
          -0.004633299
        ],
        [
          5.2250014E-4,
          0.004630644,
          0.99998915
        ]
      ],
      "translation_A_to_B": [
        -58.81692,
        0.65860546,
        -1.1461523
      ]
    },
    {
      "A_ID": 0,
      "B_ID": 2,
      "name": "depth to world",
      "rotation_A_to_B": [
        [
          1.0,
          -1.4679433E-11,
          5.373583E-11
        ],
        [
          -1.4679433E-11,
          1.0,
          -2.1136138E-11
        ],
        [
          5.373583E-11,
          -2.1136138E-11,
          1.0
        ]
      ],
      "translation_A_to_B": [
        0.0,
        0.0,
        0.0
      ]
    },
    {
      "A_ID": 100,
      "B_ID": 0,
      "name": "fisheye_wrt_imu",
      "rotation_A_to_B": [
        [
          1.0,
          0.0,
          0.0
        ],
        [
          0.0,
          1.0,
          0.0
        ],
        [
          0.0,
          0.0,
          1.0
        ]
      ],
      "translation_A_to_B": [
        0.00831,
        0.00229,
        0.00451
      ]
    },
    {
      "A_ID": 100,
      "B_ID": 1,
      "name": "narrow_wrt_imu",
      "rotation_A_to_B": [
        [
          1.0,
          0.0,
          0.0
        ],
        [
          0.0,
          1.0,
          0.0
        ],
        [
          0.0,
          0.0,
          1.0
        ]
      ],
      "translation_A_to_B": [
        0.09499,
        0.00229,
        0.00164
      ]
    },
    {
      "A_ID": 100,
      "B_ID": 2,
      "name": "depth_wrt_imu",
      "rotation_A_to_B": [
        [
          1.0,
          0.0,
          0.0
        ],
        [
          0.0,
          1.0,
          0.0
        ],
        [
          0.0,
          0.0,
          1.0
        ]
      ],
      "translation_A_to_B": [
        0.03659,
        0.00229,
        0.00197
      ]
    }
  ]
}