{
  "CamerasIntrinsics": [
    {
      "cameraID": 1,
      "cameraName": "Fisheye",
      "distortionModel": "F_theta",
      "focalLength": {
        "x": 262.9119,
        "y": 260.6944
      },
      "k": [
        0.8862549,
        0.0,
        0.0,
        0.0,
        0.0
      ],
      "principalPoint": {
        "x": 327.876,
        "y": 237.8484
      },
      "resolution": {
        "mHeight": 480,
        "mWidth": 640
      }
    },
    {
      "cameraID": 1,
      "cameraName": "F200 Depth",
      "distortionModel": "DS4_distortion",
      "focalLength": {
        "x": 447.92606,
        "y": 447.92606
      },
      "principalPoint": {
        "x": 239.4961,
        "y": 179.27885
      },
      "resolution": {
        "mHeight": 360,
        "mWidth": 480
      }
    },
    {
      "cameraID": 1,
      "cameraName": "F200 RGB",
      "distortionModel": "DS4_distortion",
      "focalLength": {
        "x": 923.11035,
        "y": 924.8525
      },
      "k": [
        0.059815213,
        -0.11164761,
        -7.398776E-4,
        8.4707286E-4,
        0.0
      ],
      "principalPoint": {
        "x": 649.86786,
        "y": 355.22363
      },
      "resolution": {
        "mHeight": 720,
        "mWidth": 1280
      }
    },
    {
      "cameraID": 1,
      "cameraName": "F200 Depth",
      "distortionModel": "DS4_distortion",
      "focalLength": {
        "x": 303.0443,
        "y": 303.0443
      },
      "principalPoint": {
        "x": 159.5,
        "y": 119.35038
      },
      "resolution": {
        "mHeight": 240,
        "mWidth": 320
      }
    },
    {
      "cameraID": 1,
      "cameraName": "F200 RGB",
      "distortionModel": "DS4_distortion",
      "focalLength": {
        "x": 923.11035,
        "y": 924.8525
      },
      "k": [
        0.059815213,
        -0.11164761,
        -7.398776E-4,
        8.4707286E-4,
        0.0
      ],
      "principalPoint": {
        "x": 649.86786,
        "y": 355.22363
      },
      "resolution": {
        "mHeight": 720,
        "mWidth": 1280
      }
    },
    {
      "cameraID": 1,
      "cameraName": "F200 Depth",
      "distortionModel": "DS4_distortion",
      "focalLength": {
        "x": 580.6002,
        "y": 580.6002
      },
      "principalPoint": {
        "x": 312.21118,
        "y": 233.50002
      },
      "resolution": {
        "mHeight": 468,
        "mWidth": 628
      }
    },
    {
      "cameraID": 1,
      "cameraName": "F200 RGB",
      "distortionModel": "DS4_distortion",
      "focalLength": {
        "x": 923.11035,
        "y": 924.8525
      },
      "k": [
        0.059815213,
        -0.11164761,
        -7.398776E-4,
        8.4707286E-4,
        0.0
      ],
      "principalPoint": {
        "x": 649.86786,
        "y": 355.22363
      },
      "resolution": {
        "mHeight": 720,
        "mWidth": 1280
      }
    }
  ],
  "Extrinsics": [
    {
      "A_ID": 0,
      "B_ID": 1,
      "name": "depth to color",
      "rotation_A_to_B": [
        [
          0.9999959,
          -0.0021540108,
          -0.0019200698
        ],
        [
          0.0021468492,
          0.99999076,
          -0.0037241478
        ],
        [
          0.0019280738,
          0.0037200102,
          0.99999124
        ]
      ],
      "translation_A_to_B": [
        -58.15289,
        -0.06525859,
        -0.7802019
      ]
    },
    {
      "A_ID": 0,
      "B_ID": 2,
      "name": "depth to world",
      "rotation_A_to_B": [
        [
          1.0,
          9.915844E-12,
          -9.39243E-11
        ],
        [
          9.915844E-12,
          1.0,
          7.594173E-11
        ],
        [
          -9.39243E-11,
          7.594173E-11,
          1.0
        ]
      ],
      "translation_A_to_B": [
        0.0,
        0.0,
        0.0
      ]
    },
    {
      "A_ID": 0,
      "B_ID": 1,
      "name": "depth to color",
      "rotation_A_to_B": [
        [
          0.9999959,
          -0.0021540108,
          -0.0019200698
        ],
        [
          0.0021468492,
          0.99999076,
          -0.0037241478
        ],
        [
          0.0019280738,
          0.0037200102,
          0.99999124
        ]
      ],
      "translation_A_to_B": [
        -58.15289,
        -0.06525859,
        -0.7802019
      ]
    },
    {
      "A_ID": 0,
      "B_ID": 2,
      "name": "depth to world",
      "rotation_A_to_B": [
        [
          1.0,
          9.915844E-12,
          -9.39243E-11
        ],
        [
          9.915844E-12,
          1.0,
          7.594173E-11
        ],
        [
          -9.39243E-11,
          7.594173E-11,
          1.0
        ]
      ],
      "translation_A_to_B": [
        0.0,
        0.0,
        0.0
      ]
    },
    {
      "A_ID": 0,
      "B_ID": 1,
      "name": "depth to color",
      "rotation_A_to_B": [
        [
          0.9999959,
          -0.0021540108,
          -0.0019200698
        ],
        [
          0.0021468492,
          0.99999076,
          -0.0037241478
        ],
        [
          0.0019280738,
          0.0037200102,
          0.99999124
        ]
      ],
      "translation_A_to_B": [
        -58.15289,
        -0.06525859,
        -0.7802019
      ]
    },
    {
      "A_ID": 0,
      "B_ID": 2,
      "name": "depth to world",
      "rotation_A_to_B": [
        [
          1.0,
          9.915844E-12,
          -9.39243E-11
        ],
        [
          9.915844E-12,
          1.0,
          7.594173E-11
        ],
        [
          -9.39243E-11,
          7.594173E-11,
          1.0
        ]
      ],
      "translation_A_to_B": [
        0.0,
        0.0,
        0.0
      ]
    },
    {
      "A_ID": 100,
      "B_ID": 0,
      "name": "fisheye_wrt_imu",
      "rotation_A_to_B": [
        [
          1.0,
          0.0,
          0.0
        ],
        [
          0.0,
          1.0,
          0.0
        ],
        [
          0.0,
          0.0,
          1.0
        ]
      ],
      "translation_A_to_B": [
        0.00831,
        0.00229,
        0.00451
      ]
    },
    {
      "A_ID": 100,
      "B_ID": 1,
      "name": "narrow_wrt_imu",
      "rotation_A_to_B": [
        [
          1.0,
          0.0,
          0.0
        ],
        [
          0.0,
          1.0,
          0.0
        ],
        [
          0.0,
          0.0,
          1.0
        ]
      ],
      "translation_A_to_B": [
        0.09499,
        0.00229,
        0.00164
      ]
    },
    {
      "A_ID": 100,
      "B_ID": 2,
      "name": "depth_wrt_imu",
      "rotation_A_to_B": [
        [
          1.0,
          0.0,
          0.0
        ],
        [
          0.0,
          1.0,
          0.0
        ],
        [
          0.0,
          0.0,
          1.0
        ]
      ],
      "translation_A_to_B": [
        0.03659,
        0.00229,
        0.00197
      ]
    }
  ]
}