{
  "CamerasIntrinsics": [
    {
      "cameraID": 1,
      "cameraName": "Fisheye",
      "distortionModel": "F_theta",
      "focalLength": {
        "x": 262.76,
        "y": 261.0717
      },
      "k": [
        0.891454,
        0.0,
        0.0,
        0.0,
        0.0
      ],
      "principalPoint": {
        "x": 312.5961,
        "y": 236.9375
      },
      "resolution": {
        "mHeight": 480,
        "mWidth": 640
      }
    },
    {
      "cameraID": 1,
      "cameraName": "F200 Depth",
      "distortionModel": "DS4_distortion",
      "focalLength": {
        "x": 447.599,
        "y": 447.599
      },
      "principalPoint": {
        "x": 242.06769,
        "y": 179.84482
      },
      "resolution": {
        "mHeight": 360,
        "mWidth": 480
      }
    },
    {
      "cameraID": 1,
      "cameraName": "F200 RGB",
      "distortionModel": "DS4_distortion",
      "focalLength": {
        "x": 912.5389,
        "y": 913.78485
      },
      "k": [
        0.063675925,
        -0.114960074,
        1.7207286E-4,
        1.5128567E-4,
        0.0
      ],
      "principalPoint": {
        "x": 622.48224,
        "y": 349.77792
      },
      "resolution": {
        "mHeight": 720,
        "mWidth": 1280
      }
    },
    {
      "cameraID": 1,
      "cameraName": "F200 Depth",
      "distortionModel": "DS4_distortion",
      "focalLength": {
        "x": 302.82306,
        "y": 302.82306
      },
      "principalPoint": {
        "x": 160.64418,
        "y": 119.7333
      },
      "resolution": {
        "mHeight": 240,
        "mWidth": 320
      }
    },
    {
      "cameraID": 1,
      "cameraName": "F200 RGB",
      "distortionModel": "DS4_distortion",
      "focalLength": {
        "x": 912.5389,
        "y": 913.78485
      },
      "k": [
        0.063675925,
        -0.114960074,
        1.7207286E-4,
        1.5128567E-4,
        0.0
      ],
      "principalPoint": {
        "x": 622.48224,
        "y": 349.77792
      },
      "resolution": {
        "mHeight": 720,
        "mWidth": 1280
      }
    },
    {
      "cameraID": 1,
      "cameraName": "F200 Depth",
      "distortionModel": "DS4_distortion",
      "focalLength": {
        "x": 579.14185,
        "y": 579.14185
      },
      "principalPoint": {
        "x": 318.67343,
        "y": 233.5
      },
      "resolution": {
        "mHeight": 468,
        "mWidth": 628
      }
    },
    {
      "cameraID": 1,
      "cameraName": "F200 RGB",
      "distortionModel": "DS4_distortion",
      "focalLength": {
        "x": 912.5389,
        "y": 913.78485
      },
      "k": [
        0.063675925,
        -0.114960074,
        1.7207286E-4,
        1.5128567E-4,
        0.0
      ],
      "principalPoint": {
        "x": 622.48224,
        "y": 349.77792
      },
      "resolution": {
        "mHeight": 720,
        "mWidth": 1280
      }
    }
  ],
  "Extrinsics": [
    {
      "A_ID": 0,
      "B_ID": 1,
      "name": "depth to color",
      "rotation_A_to_B": [
        [
          0.999999,
          -0.0014521764,
          -8.565082E-5
        ],
        [
          0.001452472,
          0.9999926,
          0.0035586848
        ],
        [
          8.0482365E-5,
          -0.0035588052,
          0.9999937
        ]
      ],
      "translation_A_to_B": [
        -57.78292,
        -0.68045014,
        -1.0127637
      ]
    },
    {
      "A_ID": 0,
      "B_ID": 2,
      "name": "depth to world",
      "rotation_A_to_B": [
        [
          1.0,
          -4.5401006E-11,
          1.0443353E-11
        ],
        [
          -4.5401006E-11,
          1.0,
          6.611692E-11
        ],
        [
          1.0443353E-11,
          6.611692E-11,
          1.0
        ]
      ],
      "translation_A_to_B": [
        0.0,
        0.0,
        0.0
      ]
    },
    {
      "A_ID": 0,
      "B_ID": 1,
      "name": "depth to color",
      "rotation_A_to_B": [
        [
          0.999999,
          -0.0014521764,
          -8.565082E-5
        ],
        [
          0.001452472,
          0.9999926,
          0.0035586848
        ],
        [
          8.0482365E-5,
          -0.0035588052,
          0.9999937
        ]
      ],
      "translation_A_to_B": [
        -57.78292,
        -0.68045014,
        -1.0127637
      ]
    },
    {
      "A_ID": 0,
      "B_ID": 2,
      "name": "depth to world",
      "rotation_A_to_B": [
        [
          1.0,
          -4.5401006E-11,
          1.0443353E-11
        ],
        [
          -4.5401006E-11,
          1.0,
          6.611692E-11
        ],
        [
          1.0443353E-11,
          6.611692E-11,
          1.0
        ]
      ],
      "translation_A_to_B": [
        0.0,
        0.0,
        0.0
      ]
    },
    {
      "A_ID": 0,
      "B_ID": 1,
      "name": "depth to color",
      "rotation_A_to_B": [
        [
          0.999999,
          -0.0014521764,
          -8.565082E-5
        ],
        [
          0.001452472,
          0.9999926,
          0.0035586848
        ],
        [
          8.0482365E-5,
          -0.0035588052,
          0.9999937
        ]
      ],
      "translation_A_to_B": [
        -57.78292,
        -0.68045014,
        -1.0127637
      ]
    },
    {
      "A_ID": 0,
      "B_ID": 2,
      "name": "depth to world",
      "rotation_A_to_B": [
        [
          1.0,
          -4.5401006E-11,
          1.0443353E-11
        ],
        [
          -4.5401006E-11,
          1.0,
          6.611692E-11
        ],
        [
          1.0443353E-11,
          6.611692E-11,
          1.0
        ]
      ],
      "translation_A_to_B": [
        0.0,
        0.0,
        0.0
      ]
    },
    {
      "A_ID": 100,
      "B_ID": 0,
      "name": "fisheye_wrt_imu",
      "rotation_A_to_B": [
        [
          1.0,
          0.0,
          0.0
        ],
        [
          0.0,
          1.0,
          0.0
        ],
        [
          0.0,
          0.0,
          1.0
        ]
      ],
      "translation_A_to_B": [
        0.00831,
        0.00229,
        0.00451
      ]
    },
    {
      "A_ID": 100,
      "B_ID": 1,
      "name": "narrow_wrt_imu",
      "rotation_A_to_B": [
        [
          1.0,
          0.0,
          0.0
        ],
        [
          0.0,
          1.0,
          0.0
        ],
        [
          0.0,
          0.0,
          1.0
        ]
      ],
      "translation_A_to_B": [
        0.09499,
        0.00229,
        0.00164
      ]
    },
    {
      "A_ID": 100,
      "B_ID": 2,
      "name": "depth_wrt_imu",
      "rotation_A_to_B": [
        [
          1.0,
          0.0,
          0.0
        ],
        [
          0.0,
          1.0,
          0.0
        ],
        [
          0.0,
          0.0,
          1.0
        ]
      ],
      "translation_A_to_B": [
        0.03659,
        0.00229,
        0.00197
      ]
    }
  ]
}