{
  "CamerasIntrinsics": [
    {
      "cameraID": 1,
      "cameraName": "Fisheye",
      "distortionModel": "F_theta",
      "focalLength": {
        "x": 261.247,
        "y": 259.6019
      },
      "k": [
        0.8931631,
        0.0,
        0.0,
        0.0,
        0.0
      ],
      "principalPoint": {
        "x": 311.9417,
        "y": 236.8689
      },
      "resolution": {
        "mHeight": 480,
        "mWidth": 640
      }
    },
    {
      "cameraID": 1,
      "cameraName": "F200 Depth",
      "distortionModel": "DS4_distortion",
      "focalLength": {
        "x": 447.3922,
        "y": 447.3922
      },
      "principalPoint": {
        "x": 239.5,
        "y": 179.85202
      },
      "resolution": {
        "mHeight": 360,
        "mWidth": 480
      }
    },
    {
      "cameraID": 1,
      "cameraName": "F200 RGB",
      "distortionModel": "DS4_distortion",
      "focalLength": {
        "x": 928.1971,
        "y": 930.45013
      },
      "k": [
        0.07564606,
        -0.13890134,
        -5.5347563E-4,
        7.8994327E-4,
        0.0
      ],
      "principalPoint": {
        "x": 641.5003,
        "y": 363.52512
      },
      "resolution": {
        "mHeight": 720,
        "mWidth": 1280
      }
    },
    {
      "cameraID": 1,
      "cameraName": "F200 Depth",
      "distortionModel": "DS4_distortion",
      "focalLength": {
        "x": 302.68314,
        "y": 302.68314
      },
      "principalPoint": {
        "x": 159.5,
        "y": 119.73816
      },
      "resolution": {
        "mHeight": 240,
        "mWidth": 320
      }
    },
    {
      "cameraID": 1,
      "cameraName": "F200 RGB",
      "distortionModel": "DS4_distortion",
      "focalLength": {
        "x": 928.1971,
        "y": 930.45013
      },
      "k": [
        0.07564606,
        -0.13890134,
        -5.5347563E-4,
        7.8994327E-4,
        0.0
      ],
      "principalPoint": {
        "x": 641.5003,
        "y": 363.52512
      },
      "resolution": {
        "mHeight": 720,
        "mWidth": 1280
      }
    },
    {
      "cameraID": 1,
      "cameraName": "F200 Depth",
      "distortionModel": "DS4_distortion",
      "focalLength": {
        "x": 578.4645,
        "y": 578.4645
      },
      "principalPoint": {
        "x": 312.66367,
        "y": 233.6093
      },
      "resolution": {
        "mHeight": 468,
        "mWidth": 628
      }
    },
    {
      "cameraID": 1,
      "cameraName": "F200 RGB",
      "distortionModel": "DS4_distortion",
      "focalLength": {
        "x": 928.1971,
        "y": 930.45013
      },
      "k": [
        0.07564606,
        -0.13890134,
        -5.5347563E-4,
        7.8994327E-4,
        0.0
      ],
      "principalPoint": {
        "x": 641.5003,
        "y": 363.52512
      },
      "resolution": {
        "mHeight": 720,
        "mWidth": 1280
      }
    }
  ],
  "Extrinsics": [
    {
      "A_ID": 0,
      "B_ID": 1,
      "name": "depth to color",
      "rotation_A_to_B": [
        [
          0.9999987,
          -8.926842E-4,
          -0.0013390124
        ],
        [
          8.90345E-4,
          0.9999981,
          -0.0017464818
        ],
        [
          0.0013405689,
          0.0017452873,
          0.99999756
        ]
      ],
      "translation_A_to_B": [
        -58.167957,
        0.0897267,
        -0.5644868
      ]
    },
    {
      "A_ID": 0,
      "B_ID": 2,
      "name": "depth to world",
      "rotation_A_to_B": [
        [
          0.99999994,
          -2.026442E-11,
          -5.1779758E-11
        ],
        [
          -2.026442E-11,
          1.0,
          3.561208E-12
        ],
        [
          -5.1779758E-11,
          3.561208E-12,
          0.99999994
        ]
      ],
      "translation_A_to_B": [
        0.0,
        0.0,
        0.0
      ]
    },
    {
      "A_ID": 0,
      "B_ID": 1,
      "name": "depth to color",
      "rotation_A_to_B": [
        [
          0.9999987,
          -8.926842E-4,
          -0.0013390124
        ],
        [
          8.90345E-4,
          0.9999981,
          -0.0017464818
        ],
        [
          0.0013405689,
          0.0017452873,
          0.99999756
        ]
      ],
      "translation_A_to_B": [
        -58.167957,
        0.0897267,
        -0.5644868
      ]
    },
    {
      "A_ID": 0,
      "B_ID": 2,
      "name": "depth to world",
      "rotation_A_to_B": [
        [
          0.99999994,
          -2.026442E-11,
          -5.1779758E-11
        ],
        [
          -2.026442E-11,
          1.0,
          3.561208E-12
        ],
        [
          -5.1779758E-11,
          3.561208E-12,
          0.99999994
        ]
      ],
      "translation_A_to_B": [
        0.0,
        0.0,
        0.0
      ]
    },
    {
      "A_ID": 0,
      "B_ID": 1,
      "name": "depth to color",
      "rotation_A_to_B": [
        [
          0.9999987,
          -8.926842E-4,
          -0.0013390124
        ],
        [
          8.90345E-4,
          0.9999981,
          -0.0017464818
        ],
        [
          0.0013405689,
          0.0017452873,
          0.99999756
        ]
      ],
      "translation_A_to_B": [
        -58.167957,
        0.0897267,
        -0.5644868
      ]
    },
    {
      "A_ID": 0,
      "B_ID": 2,
      "name": "depth to world",
      "rotation_A_to_B": [
        [
          0.99999994,
          -2.026442E-11,
          -5.1779758E-11
        ],
        [
          -2.026442E-11,
          1.0,
          3.561208E-12
        ],
        [
          -5.1779758E-11,
          3.561208E-12,
          0.99999994
        ]
      ],
      "translation_A_to_B": [
        0.0,
        0.0,
        0.0
      ]
    },
    {
      "A_ID": 100,
      "B_ID": 0,
      "name": "fisheye_wrt_imu",
      "rotation_A_to_B": [
        [
          1.0,
          0.0,
          0.0
        ],
        [
          0.0,
          1.0,
          0.0
        ],
        [
          0.0,
          0.0,
          1.0
        ]
      ],
      "translation_A_to_B": [
        0.00831,
        0.00229,
        0.00451
      ]
    },
    {
      "A_ID": 100,
      "B_ID": 1,
      "name": "narrow_wrt_imu",
      "rotation_A_to_B": [
        [
          1.0,
          0.0,
          0.0
        ],
        [
          0.0,
          1.0,
          0.0
        ],
        [
          0.0,
          0.0,
          1.0
        ]
      ],
      "translation_A_to_B": [
        0.09499,
        0.00229,
        0.00164
      ]
    },
    {
      "A_ID": 100,
      "B_ID": 2,
      "name": "depth_wrt_imu",
      "rotation_A_to_B": [
        [
          1.0,
          0.0,
          0.0
        ],
        [
          0.0,
          1.0,
          0.0
        ],
        [
          0.0,
          0.0,
          1.0
        ]
      ],
      "translation_A_to_B": [
        0.03659,
        0.00229,
        0.00197
      ]
    }
  ]
}