{
  "CamerasIntrinsics": [
    {
      "cameraID": 1,
      "cameraName": "Fisheye",
      "distortionModel": "F_theta",
      "focalLength": {
        "x": 261.6398,
        "y": 259.8124
      },
      "k": [
        0.8939238,
        0.0,
        0.0,
        0.0,
        0.0
      ],
      "principalPoint": {
        "x": 326.5523,
        "y": 250.6781
      },
      "resolution": {
        "mHeight": 480,
        "mWidth": 640
      }
    },
    {
      "cameraID": 1,
      "cameraName": "F200 Depth",
      "distortionModel": "DS4_distortion",
      "focalLength": {
        "x": 452.698,
        "y": 452.698
      },
      "principalPoint": {
        "x": 243.5073,
        "y": 179.5
      },
      "resolution": {
        "mHeight": 360,
        "mWidth": 480
      }
    },
    {
      "cameraID": 1,
      "cameraName": "F200 RGB",
      "distortionModel": "DS4_distortion",
      "focalLength": {
        "x": 918.75757,
        "y": 920.0955
      },
      "k": [
        0.058298107,
        -0.10697468,
        0.0011768852,
        -0.0010108482,
        0.0
      ],
      "principalPoint": {
        "x": 635.5162,
        "y": 364.28458
      },
      "resolution": {
        "mHeight": 720,
        "mWidth": 1280
      }
    },
    {
      "cameraID": 1,
      "cameraName": "F200 Depth",
      "distortionModel": "DS4_distortion",
      "focalLength": {
        "x": 305.1793,
        "y": 305.1793
      },
      "principalPoint": {
        "x": 162.20145,
        "y": 119.5
      },
      "resolution": {
        "mHeight": 240,
        "mWidth": 320
      }
    },
    {
      "cameraID": 1,
      "cameraName": "F200 RGB",
      "distortionModel": "DS4_distortion",
      "focalLength": {
        "x": 918.75757,
        "y": 920.0955
      },
      "k": [
        0.058298107,
        -0.10697468,
        0.0011768852,
        -0.0010108482,
        0.0
      ],
      "principalPoint": {
        "x": 635.5162,
        "y": 364.28458
      },
      "resolution": {
        "mHeight": 720,
        "mWidth": 1280
      }
    },
    {
      "cameraID": 1,
      "cameraName": "F200 Depth",
      "distortionModel": "DS4_distortion",
      "focalLength": {
        "x": 589.1528,
        "y": 589.1528
      },
      "principalPoint": {
        "x": 318.71518,
        "y": 233.5
      },
      "resolution": {
        "mHeight": 468,
        "mWidth": 628
      }
    },
    {
      "cameraID": 1,
      "cameraName": "F200 RGB",
      "distortionModel": "DS4_distortion",
      "focalLength": {
        "x": 918.75757,
        "y": 920.0955
      },
      "k": [
        0.058298107,
        -0.10697468,
        0.0011768852,
        -0.0010108482,
        0.0
      ],
      "principalPoint": {
        "x": 635.5162,
        "y": 364.28458
      },
      "resolution": {
        "mHeight": 720,
        "mWidth": 1280
      }
    }
  ],
  "Extrinsics": [
    {
      "A_ID": 0,
      "B_ID": 1,
      "name": "depth to color",
      "rotation_A_to_B": [
        [
          0.9999785,
          7.862987E-4,
          0.0065130335
        ],
        [
          -7.5568E-4,
          0.9999887,
          -0.0047022686
        ],
        [
          -0.006516657,
          0.0046972455,
          0.99996775
        ]
      ],
      "translation_A_to_B": [
        -58.429005,
        0.036473185,
        -0.3624494
      ]
    },
    {
      "A_ID": 0,
      "B_ID": 2,
      "name": "depth to world",
      "rotation_A_to_B": [
        [
          1.0,
          2.7015922E-11,
          2.2587872E-10
        ],
        [
          2.7015922E-11,
          1.0,
          5.8563527E-12
        ],
        [
          2.2587872E-10,
          5.8563527E-12,
          1.0
        ]
      ],
      "translation_A_to_B": [
        0.0,
        0.0,
        0.0
      ]
    },
    {
      "A_ID": 0,
      "B_ID": 1,
      "name": "depth to color",
      "rotation_A_to_B": [
        [
          0.9999785,
          7.862987E-4,
          0.0065130335
        ],
        [
          -7.5568E-4,
          0.9999887,
          -0.0047022686
        ],
        [
          -0.006516657,
          0.0046972455,
          0.99996775
        ]
      ],
      "translation_A_to_B": [
        -58.429005,
        0.036473185,
        -0.3624494
      ]
    },
    {
      "A_ID": 0,
      "B_ID": 2,
      "name": "depth to world",
      "rotation_A_to_B": [
        [
          1.0,
          2.7015922E-11,
          2.2587872E-10
        ],
        [
          2.7015922E-11,
          1.0,
          5.8563527E-12
        ],
        [
          2.2587872E-10,
          5.8563527E-12,
          1.0
        ]
      ],
      "translation_A_to_B": [
        0.0,
        0.0,
        0.0
      ]
    },
    {
      "A_ID": 0,
      "B_ID": 1,
      "name": "depth to color",
      "rotation_A_to_B": [
        [
          0.9999785,
          7.862987E-4,
          0.0065130335
        ],
        [
          -7.5568E-4,
          0.9999887,
          -0.0047022686
        ],
        [
          -0.006516657,
          0.0046972455,
          0.99996775
        ]
      ],
      "translation_A_to_B": [
        -58.429005,
        0.036473185,
        -0.3624494
      ]
    },
    {
      "A_ID": 0,
      "B_ID": 2,
      "name": "depth to world",
      "rotation_A_to_B": [
        [
          1.0,
          2.7015922E-11,
          2.2587872E-10
        ],
        [
          2.7015922E-11,
          1.0,
          5.8563527E-12
        ],
        [
          2.2587872E-10,
          5.8563527E-12,
          1.0
        ]
      ],
      "translation_A_to_B": [
        0.0,
        0.0,
        0.0
      ]
    },
    {
      "A_ID": 100,
      "B_ID": 0,
      "name": "fisheye_wrt_imu",
      "rotation_A_to_B": [
        [
          1.0,
          0.0,
          0.0
        ],
        [
          0.0,
          1.0,
          0.0
        ],
        [
          0.0,
          0.0,
          1.0
        ]
      ],
      "translation_A_to_B": [
        0.00831,
        0.00229,
        0.00451
      ]
    },
    {
      "A_ID": 100,
      "B_ID": 1,
      "name": "narrow_wrt_imu",
      "rotation_A_to_B": [
        [
          1.0,
          0.0,
          0.0
        ],
        [
          0.0,
          1.0,
          0.0
        ],
        [
          0.0,
          0.0,
          1.0
        ]
      ],
      "translation_A_to_B": [
        0.09499,
        0.00229,
        0.00164
      ]
    },
    {
      "A_ID": 100,
      "B_ID": 2,
      "name": "depth_wrt_imu",
      "rotation_A_to_B": [
        [
          1.0,
          0.0,
          0.0
        ],
        [
          0.0,
          1.0,
          0.0
        ],
        [
          0.0,
          0.0,
          1.0
        ]
      ],
      "translation_A_to_B": [
        0.03659,
        0.00229,
        0.00197
      ]
    }
  ]
}