{
  "CamerasIntrinsics": [
    {
      "cameraID": 1,
      "cameraName": "Fisheye",
      "distortionModel": "F_theta",
      "focalLength": {
        "x": 262.0509,
        "y": 260.1796
      },
      "k": [
        0.890481,
        0.0,
        0.0,
        0.0,
        0.0
      ],
      "principalPoint": {
        "x": 314.9258,
        "y": 247.5855
      },
      "resolution": {
        "mHeight": 480,
        "mWidth": 640
      }
    },
    {
      "cameraID": 1,
      "cameraName": "F200 Depth",
      "distortionModel": "DS4_distortion",
      "focalLength": {
        "x": 455.64227,
        "y": 455.64227
      },
      "principalPoint": {
        "x": 239.5,
        "y": 178.65976
      },
      "resolution": {
        "mHeight": 360,
        "mWidth": 480
      }
    },
    {
      "cameraID": 1,
      "cameraName": "F200 RGB",
      "distortionModel": "DS4_distortion",
      "focalLength": {
        "x": 921.3875,
        "y": 923.7691
      },
      "k": [
        0.059417427,
        -0.12170479,
        -1.7734917E-4,
        5.245123E-4,
        0.0
      ],
      "principalPoint": {
        "x": 651.91,
        "y": 354.7522
      },
      "resolution": {
        "mHeight": 720,
        "mWidth": 1280
      }
    },
    {
      "cameraID": 1,
      "cameraName": "F200 Depth",
      "distortionModel": "DS4_distortion",
      "focalLength": {
        "x": 308.2647,
        "y": 308.2647
      },
      "principalPoint": {
        "x": 159.5,
        "y": 118.931526
      },
      "resolution": {
        "mHeight": 240,
        "mWidth": 320
      }
    },
    {
      "cameraID": 1,
      "cameraName": "F200 RGB",
      "distortionModel": "DS4_distortion",
      "focalLength": {
        "x": 921.3875,
        "y": 923.7691
      },
      "k": [
        0.059417427,
        -0.12170479,
        -1.7734917E-4,
        5.245123E-4,
        0.0
      ],
      "principalPoint": {
        "x": 651.91,
        "y": 354.7522
      },
      "resolution": {
        "mHeight": 720,
        "mWidth": 1280
      }
    },
    {
      "cameraID": 1,
      "cameraName": "F200 Depth",
      "distortionModel": "DS4_distortion",
      "focalLength": {
        "x": 588.28204,
        "y": 588.28204
      },
      "principalPoint": {
        "x": 313.5,
        "y": 232.41516
      },
      "resolution": {
        "mHeight": 468,
        "mWidth": 628
      }
    },
    {
      "cameraID": 1,
      "cameraName": "F200 RGB",
      "distortionModel": "DS4_distortion",
      "focalLength": {
        "x": 921.3875,
        "y": 923.7691
      },
      "k": [
        0.059417427,
        -0.12170479,
        -1.7734917E-4,
        5.245123E-4,
        0.0
      ],
      "principalPoint": {
        "x": 651.91,
        "y": 354.7522
      },
      "resolution": {
        "mHeight": 720,
        "mWidth": 1280
      }
    }
  ],
  "Extrinsics": [
    {
      "A_ID": 0,
      "B_ID": 1,
      "name": "depth to color",
      "rotation_A_to_B": [
        [
          0.9999993,
          3.8981703E-4,
          -0.0011238825
        ],
        [
          -3.835267E-4,
          0.9999843,
          0.0055918153
        ],
        [
          0.0011260444,
          -0.0055913804,
          0.9999837
        ]
      ],
      "translation_A_to_B": [
        -58.38835,
        0.15347934,
        -0.5483927
      ]
    },
    {
      "A_ID": 0,
      "B_ID": 2,
      "name": "depth to world",
      "rotation_A_to_B": [
        [
          1.0,
          -6.265939E-11,
          -1.4178948E-10
        ],
        [
          -6.265939E-11,
          1.0,
          -4.4739277E-13
        ],
        [
          -1.4178948E-10,
          -4.4739277E-13,
          1.0
        ]
      ],
      "translation_A_to_B": [
        0.0,
        0.0,
        0.0
      ]
    },
    {
      "A_ID": 0,
      "B_ID": 1,
      "name": "depth to color",
      "rotation_A_to_B": [
        [
          0.9999993,
          3.8981703E-4,
          -0.0011238825
        ],
        [
          -3.835267E-4,
          0.9999843,
          0.0055918153
        ],
        [
          0.0011260444,
          -0.0055913804,
          0.9999837
        ]
      ],
      "translation_A_to_B": [
        -58.38835,
        0.15347934,
        -0.5483927
      ]
    },
    {
      "A_ID": 0,
      "B_ID": 2,
      "name": "depth to world",
      "rotation_A_to_B": [
        [
          1.0,
          -6.265939E-11,
          -1.4178948E-10
        ],
        [
          -6.265939E-11,
          1.0,
          -4.4739277E-13
        ],
        [
          -1.4178948E-10,
          -4.4739277E-13,
          1.0
        ]
      ],
      "translation_A_to_B": [
        0.0,
        0.0,
        0.0
      ]
    },
    {
      "A_ID": 0,
      "B_ID": 1,
      "name": "depth to color",
      "rotation_A_to_B": [
        [
          0.9999993,
          3.8981703E-4,
          -0.0011238825
        ],
        [
          -3.835267E-4,
          0.9999843,
          0.0055918153
        ],
        [
          0.0011260444,
          -0.0055913804,
          0.9999837
        ]
      ],
      "translation_A_to_B": [
        -58.38835,
        0.15347934,
        -0.5483927
      ]
    },
    {
      "A_ID": 0,
      "B_ID": 2,
      "name": "depth to world",
      "rotation_A_to_B": [
        [
          1.0,
          -6.265939E-11,
          -1.4178948E-10
        ],
        [
          -6.265939E-11,
          1.0,
          -4.4739277E-13
        ],
        [
          -1.4178948E-10,
          -4.4739277E-13,
          1.0
        ]
      ],
      "translation_A_to_B": [
        0.0,
        0.0,
        0.0
      ]
    },
    {
      "A_ID": 100,
      "B_ID": 0,
      "name": "fisheye_wrt_imu",
      "rotation_A_to_B": [
        [
          1.0,
          0.0,
          0.0
        ],
        [
          0.0,
          1.0,
          0.0
        ],
        [
          0.0,
          0.0,
          1.0
        ]
      ],
      "translation_A_to_B": [
        0.00831,
        0.00229,
        0.00451
      ]
    },
    {
      "A_ID": 100,
      "B_ID": 1,
      "name": "narrow_wrt_imu",
      "rotation_A_to_B": [
        [
          1.0,
          0.0,
          0.0
        ],
        [
          0.0,
          1.0,
          0.0
        ],
        [
          0.0,
          0.0,
          1.0
        ]
      ],
      "translation_A_to_B": [
        0.09499,
        0.00229,
        0.00164
      ]
    },
    {
      "A_ID": 100,
      "B_ID": 2,
      "name": "depth_wrt_imu",
      "rotation_A_to_B": [
        [
          1.0,
          0.0,
          0.0
        ],
        [
          0.0,
          1.0,
          0.0
        ],
        [
          0.0,
          0.0,
          1.0
        ]
      ],
      "translation_A_to_B": [
        0.03659,
        0.00229,
        0.00197
      ]
    }
  ]
}