{
  "CamerasIntrinsics": [
    {
      "cameraID": 1,
      "cameraName": "Fisheye",
      "distortionModel": "F_theta",
      "focalLength": {
        "x": 261.0916,
        "y": 259.3597
      },
      "k": [
        0.8866548,
        0.0,
        0.0,
        0.0,
        0.0
      ],
      "principalPoint": {
        "x": 325.5845,
        "y": 255.89
      },
      "resolution": {
        "mHeight": 480,
        "mWidth": 640
      }
    },
    {
      "cameraID": 1,
      "cameraName": "F200 Depth",
      "distortionModel": "DS4_distortion",
      "focalLength": {
        "x": 456.23602,
        "y": 456.23602
      },
      "principalPoint": {
        "x": 239.5,
        "y": 176.83308
      },
      "resolution": {
        "mHeight": 360,
        "mWidth": 480
      }
    },
    {
      "cameraID": 1,
      "cameraName": "F200 RGB",
      "distortionModel": "DS4_distortion",
      "focalLength": {
        "x": 924.2559,
        "y": 926.56415
      },
      "k": [
        0.06449252,
        -0.12243398,
        2.1700568E-4,
        5.1699195E-4,
        0.0
      ],
      "principalPoint": {
        "x": 653.0616,
        "y": 351.7242
      },
      "resolution": {
        "mHeight": 720,
        "mWidth": 1280
      }
    },
    {
      "cameraID": 1,
      "cameraName": "F200 Depth",
      "distortionModel": "DS4_distortion",
      "focalLength": {
        "x": 308.66638,
        "y": 308.66638
      },
      "principalPoint": {
        "x": 159.49998,
        "y": 117.695694
      },
      "resolution": {
        "mHeight": 240,
        "mWidth": 320
      }
    },
    {
      "cameraID": 1,
      "cameraName": "F200 RGB",
      "distortionModel": "DS4_distortion",
      "focalLength": {
        "x": 924.2559,
        "y": 926.56415
      },
      "k": [
        0.06449252,
        -0.12243398,
        2.1700568E-4,
        5.1699195E-4,
        0.0
      ],
      "principalPoint": {
        "x": 653.0616,
        "y": 351.7242
      },
      "resolution": {
        "mHeight": 720,
        "mWidth": 1280
      }
    },
    {
      "cameraID": 1,
      "cameraName": "F200 Depth",
      "distortionModel": "DS4_distortion",
      "focalLength": {
        "x": 589.04865,
        "y": 589.04865
      },
      "principalPoint": {
        "x": 313.5,
        "y": 230.05672
      },
      "resolution": {
        "mHeight": 468,
        "mWidth": 628
      }
    },
    {
      "cameraID": 1,
      "cameraName": "F200 RGB",
      "distortionModel": "DS4_distortion",
      "focalLength": {
        "x": 924.2559,
        "y": 926.56415
      },
      "k": [
        0.06449252,
        -0.12243398,
        2.1700568E-4,
        5.1699195E-4,
        0.0
      ],
      "principalPoint": {
        "x": 653.0616,
        "y": 351.7242
      },
      "resolution": {
        "mHeight": 720,
        "mWidth": 1280
      }
    }
  ],
  "Extrinsics": [
    {
      "A_ID": 0,
      "B_ID": 1,
      "name": "depth to color",
      "rotation_A_to_B": [
        [
          0.9999743,
          -0.0062110852,
          0.0035869577
        ],
        [
          0.006219957,
          0.99997765,
          -0.0024675175
        ],
        [
          -0.0035715515,
          0.002489765,
          0.9999905
        ]
      ],
      "translation_A_to_B": [
        -58.049847,
        -0.34269708,
        -0.24493268
      ]
    },
    {
      "A_ID": 0,
      "B_ID": 2,
      "name": "depth to world",
      "rotation_A_to_B": [
        [
          1.0,
          2.9750473E-11,
          -9.1770265E-11
        ],
        [
          2.9750473E-11,
          1.0,
          5.1816048E-11
        ],
        [
          -9.1770265E-11,
          5.1816048E-11,
          1.0
        ]
      ],
      "translation_A_to_B": [
        0.0,
        0.0,
        0.0
      ]
    },
    {
      "A_ID": 0,
      "B_ID": 1,
      "name": "depth to color",
      "rotation_A_to_B": [
        [
          0.9999743,
          -0.0062110852,
          0.0035869577
        ],
        [
          0.006219957,
          0.99997765,
          -0.0024675175
        ],
        [
          -0.0035715515,
          0.002489765,
          0.9999905
        ]
      ],
      "translation_A_to_B": [
        -58.049847,
        -0.34269708,
        -0.24493268
      ]
    },
    {
      "A_ID": 0,
      "B_ID": 2,
      "name": "depth to world",
      "rotation_A_to_B": [
        [
          1.0,
          2.9750473E-11,
          -9.1770265E-11
        ],
        [
          2.9750473E-11,
          1.0,
          5.1816048E-11
        ],
        [
          -9.1770265E-11,
          5.1816048E-11,
          1.0
        ]
      ],
      "translation_A_to_B": [
        0.0,
        0.0,
        0.0
      ]
    },
    {
      "A_ID": 0,
      "B_ID": 1,
      "name": "depth to color",
      "rotation_A_to_B": [
        [
          0.9999743,
          -0.0062110852,
          0.0035869577
        ],
        [
          0.006219957,
          0.99997765,
          -0.0024675175
        ],
        [
          -0.0035715515,
          0.002489765,
          0.9999905
        ]
      ],
      "translation_A_to_B": [
        -58.049847,
        -0.34269708,
        -0.24493268
      ]
    },
    {
      "A_ID": 0,
      "B_ID": 2,
      "name": "depth to world",
      "rotation_A_to_B": [
        [
          1.0,
          2.9750473E-11,
          -9.1770265E-11
        ],
        [
          2.9750473E-11,
          1.0,
          5.1816048E-11
        ],
        [
          -9.1770265E-11,
          5.1816048E-11,
          1.0
        ]
      ],
      "translation_A_to_B": [
        0.0,
        0.0,
        0.0
      ]
    },
    {
      "A_ID": 100,
      "B_ID": 0,
      "name": "fisheye_wrt_imu",
      "rotation_A_to_B": [
        [
          1.0,
          0.0,
          0.0
        ],
        [
          0.0,
          1.0,
          0.0
        ],
        [
          0.0,
          0.0,
          1.0
        ]
      ],
      "translation_A_to_B": [
        0.00831,
        0.00229,
        0.00451
      ]
    },
    {
      "A_ID": 100,
      "B_ID": 1,
      "name": "narrow_wrt_imu",
      "rotation_A_to_B": [
        [
          1.0,
          0.0,
          0.0
        ],
        [
          0.0,
          1.0,
          0.0
        ],
        [
          0.0,
          0.0,
          1.0
        ]
      ],
      "translation_A_to_B": [
        0.09499,
        0.00229,
        0.00164
      ]
    },
    {
      "A_ID": 100,
      "B_ID": 2,
      "name": "depth_wrt_imu",
      "rotation_A_to_B": [
        [
          1.0,
          0.0,
          0.0
        ],
        [
          0.0,
          1.0,
          0.0
        ],
        [
          0.0,
          0.0,
          1.0
        ]
      ],
      "translation_A_to_B": [
        0.03659,
        0.00229,
        0.00197
      ]
    }
  ]
}