{
  "CamerasIntrinsics": [
    {
      "cameraID": 1,
      "cameraName": "Fisheye",
      "distortionModel": "F_theta",
      "focalLength": {
        "x": 260.9071,
        "y": 259.1843
      },
      "k": [
        0.8913719,
        0.0,
        0.0,
        0.0,
        0.0
      ],
      "principalPoint": {
        "x": 312.4576,
        "y": 241.3084
      },
      "resolution": {
        "mHeight": 480,
        "mWidth": 640
      }
    },
    {
      "cameraID": 1,
      "cameraName": "F200 Depth",
      "distortionModel": "DS4_distortion",
      "focalLength": {
        "x": 448.24915,
        "y": 448.24915
      },
      "principalPoint": {
        "x": 239.5,
        "y": 180.21227
      },
      "resolution": {
        "mHeight": 360,
        "mWidth": 480
      }
    },
    {
      "cameraID": 1,
      "cameraName": "F200 RGB",
      "distortionModel": "DS4_distortion",
      "focalLength": {
        "x": 927.29785,
        "y": 929.4553
      },
      "k": [
        0.08923679,
        -0.1729091,
        1.5089767E-4,
        2.288154E-4,
        0.0
      ],
      "principalPoint": {
        "x": 634.04614,
        "y": 359.01218
      },
      "resolution": {
        "mHeight": 720,
        "mWidth": 1280
      }
    },
    {
      "cameraID": 1,
      "cameraName": "F200 Depth",
      "distortionModel": "DS4_distortion",
      "focalLength": {
        "x": 303.26288,
        "y": 303.26288
      },
      "principalPoint": {
        "x": 159.5,
        "y": 119.98187
      },
      "resolution": {
        "mHeight": 240,
        "mWidth": 320
      }
    },
    {
      "cameraID": 1,
      "cameraName": "F200 RGB",
      "distortionModel": "DS4_distortion",
      "focalLength": {
        "x": 927.29785,
        "y": 929.4553
      },
      "k": [
        0.08923679,
        -0.1729091,
        1.5089767E-4,
        2.288154E-4,
        0.0
      ],
      "principalPoint": {
        "x": 634.04614,
        "y": 359.01218
      },
      "resolution": {
        "mHeight": 720,
        "mWidth": 1280
      }
    },
    {
      "cameraID": 1,
      "cameraName": "F200 Depth",
      "distortionModel": "DS4_distortion",
      "focalLength": {
        "x": 578.73676,
        "y": 578.73676
      },
      "principalPoint": {
        "x": 313.66635,
        "y": 234.4196
      },
      "resolution": {
        "mHeight": 468,
        "mWidth": 628
      }
    },
    {
      "cameraID": 1,
      "cameraName": "F200 RGB",
      "distortionModel": "DS4_distortion",
      "focalLength": {
        "x": 927.29785,
        "y": 929.4553
      },
      "k": [
        0.08923679,
        -0.1729091,
        1.5089767E-4,
        2.288154E-4,
        0.0
      ],
      "principalPoint": {
        "x": 634.04614,
        "y": 359.01218
      },
      "resolution": {
        "mHeight": 720,
        "mWidth": 1280
      }
    }
  ],
  "Extrinsics": [
    {
      "A_ID": 0,
      "B_ID": 1,
      "name": "depth to color",
      "rotation_A_to_B": [
        [
          0.99999875,
          -5.738548E-4,
          0.0014850815
        ],
        [
          5.8384513E-4,
          0.9999772,
          -0.00673551
        ],
        [
          -0.0014811823,
          0.006736369,
          0.9999762
        ]
      ],
      "translation_A_to_B": [
        -58.27029,
        -0.038303975,
        -0.30493477
      ]
    },
    {
      "A_ID": 0,
      "B_ID": 2,
      "name": "depth to world",
      "rotation_A_to_B": [
        [
          1.0,
          -5.66223E-12,
          1.1308738E-10
        ],
        [
          -5.66223E-12,
          1.0,
          1.2711628E-10
        ],
        [
          1.1308738E-10,
          1.2711628E-10,
          1.0
        ]
      ],
      "translation_A_to_B": [
        0.0,
        0.0,
        0.0
      ]
    },
    {
      "A_ID": 0,
      "B_ID": 1,
      "name": "depth to color",
      "rotation_A_to_B": [
        [
          0.99999875,
          -5.738548E-4,
          0.0014850815
        ],
        [
          5.8384513E-4,
          0.9999772,
          -0.00673551
        ],
        [
          -0.0014811823,
          0.006736369,
          0.9999762
        ]
      ],
      "translation_A_to_B": [
        -58.27029,
        -0.038303975,
        -0.30493477
      ]
    },
    {
      "A_ID": 0,
      "B_ID": 2,
      "name": "depth to world",
      "rotation_A_to_B": [
        [
          1.0,
          -5.66223E-12,
          1.1308738E-10
        ],
        [
          -5.66223E-12,
          1.0,
          1.2711628E-10
        ],
        [
          1.1308738E-10,
          1.2711628E-10,
          1.0
        ]
      ],
      "translation_A_to_B": [
        0.0,
        0.0,
        0.0
      ]
    },
    {
      "A_ID": 0,
      "B_ID": 1,
      "name": "depth to color",
      "rotation_A_to_B": [
        [
          0.99999875,
          -5.738548E-4,
          0.0014850815
        ],
        [
          5.8384513E-4,
          0.9999772,
          -0.00673551
        ],
        [
          -0.0014811823,
          0.006736369,
          0.9999762
        ]
      ],
      "translation_A_to_B": [
        -58.27029,
        -0.038303975,
        -0.30493477
      ]
    },
    {
      "A_ID": 0,
      "B_ID": 2,
      "name": "depth to world",
      "rotation_A_to_B": [
        [
          1.0,
          -5.66223E-12,
          1.1308738E-10
        ],
        [
          -5.66223E-12,
          1.0,
          1.2711628E-10
        ],
        [
          1.1308738E-10,
          1.2711628E-10,
          1.0
        ]
      ],
      "translation_A_to_B": [
        0.0,
        0.0,
        0.0
      ]
    },
    {
      "A_ID": 100,
      "B_ID": 0,
      "name": "fisheye_wrt_imu",
      "rotation_A_to_B": [
        [
          1.0,
          0.0,
          0.0
        ],
        [
          0.0,
          1.0,
          0.0
        ],
        [
          0.0,
          0.0,
          1.0
        ]
      ],
      "translation_A_to_B": [
        0.00831,
        0.00229,
        0.00451
      ]
    },
    {
      "A_ID": 100,
      "B_ID": 1,
      "name": "narrow_wrt_imu",
      "rotation_A_to_B": [
        [
          1.0,
          0.0,
          0.0
        ],
        [
          0.0,
          1.0,
          0.0
        ],
        [
          0.0,
          0.0,
          1.0
        ]
      ],
      "translation_A_to_B": [
        0.09499,
        0.00229,
        0.00164
      ]
    },
    {
      "A_ID": 100,
      "B_ID": 2,
      "name": "depth_wrt_imu",
      "rotation_A_to_B": [
        [
          1.0,
          0.0,
          0.0
        ],
        [
          0.0,
          1.0,
          0.0
        ],
        [
          0.0,
          0.0,
          1.0
        ]
      ],
      "translation_A_to_B": [
        0.03659,
        0.00229,
        0.00197
      ]
    }
  ]
}