{
  "CamerasIntrinsics": [
    {
      "cameraID": 1,
      "cameraName": "Fisheye",
      "distortionModel": "F_theta",
      "focalLength": {
        "x": 259.947,
        "y": 258.0395
      },
      "k": [
        0.8911515,
        0.0,
        0.0,
        0.0,
        0.0
      ],
      "principalPoint": {
        "x": 329.5765,
        "y": 235.3949
      },
      "resolution": {
        "mHeight": 480,
        "mWidth": 640
      }
    },
    {
      "cameraID": 1,
      "cameraName": "F200 Depth",
      "distortionModel": "DS4_distortion",
      "focalLength": {
        "x": 448.52002,
        "y": 448.52002
      },
      "principalPoint": {
        "x": 239.96889,
        "y": 180.1022
      },
      "resolution": {
        "mHeight": 360,
        "mWidth": 480
      }
    },
    {
      "cameraID": 1,
      "cameraName": "F200 RGB",
      "distortionModel": "DS4_distortion",
      "focalLength": {
        "x": 920.584,
        "y": 923.01605
      },
      "k": [
        0.08195576,
        -0.16036436,
        0.0013182198,
        -9.1889926E-4,
        0.0
      ],
      "principalPoint": {
        "x": 640.498,
        "y": 358.5997
      },
      "resolution": {
        "mHeight": 720,
        "mWidth": 1280
      }
    },
    {
      "cameraID": 1,
      "cameraName": "F200 Depth",
      "distortionModel": "DS4_distortion",
      "focalLength": {
        "x": 303.44614,
        "y": 303.44614
      },
      "principalPoint": {
        "x": 159.5,
        "y": 119.90741
      },
      "resolution": {
        "mHeight": 240,
        "mWidth": 320
      }
    },
    {
      "cameraID": 1,
      "cameraName": "F200 RGB",
      "distortionModel": "DS4_distortion",
      "focalLength": {
        "x": 920.584,
        "y": 923.01605
      },
      "k": [
        0.08195576,
        -0.16036436,
        0.0013182198,
        -9.1889926E-4,
        0.0
      ],
      "principalPoint": {
        "x": 640.498,
        "y": 358.5997
      },
      "resolution": {
        "mHeight": 720,
        "mWidth": 1280
      }
    },
    {
      "cameraID": 1,
      "cameraName": "F200 Depth",
      "distortionModel": "DS4_distortion",
      "focalLength": {
        "x": 582.14453,
        "y": 582.14453
      },
      "principalPoint": {
        "x": 314.96844,
        "y": 233.5
      },
      "resolution": {
        "mHeight": 468,
        "mWidth": 628
      }
    },
    {
      "cameraID": 1,
      "cameraName": "F200 RGB",
      "distortionModel": "DS4_distortion",
      "focalLength": {
        "x": 920.584,
        "y": 923.01605
      },
      "k": [
        0.08195576,
        -0.16036436,
        0.0013182198,
        -9.1889926E-4,
        0.0
      ],
      "principalPoint": {
        "x": 640.498,
        "y": 358.5997
      },
      "resolution": {
        "mHeight": 720,
        "mWidth": 1280
      }
    }
  ],
  "Extrinsics": [
    {
      "A_ID": 0,
      "B_ID": 1,
      "name": "depth to color",
      "rotation_A_to_B": [
        [
          0.999998,
          -0.0017761994,
          -9.281488E-4
        ],
        [
          0.0017831337,
          0.99997014,
          0.007524574
        ],
        [
          9.14756E-4,
          -0.0075262142,
          0.9999713
        ]
      ],
      "translation_A_to_B": [
        -58.18778,
        -0.19213949,
        -0.9560401
      ]
    },
    {
      "A_ID": 0,
      "B_ID": 2,
      "name": "depth to world",
      "rotation_A_to_B": [
        [
          1.0,
          -3.4570166E-11,
          7.43693E-11
        ],
        [
          -3.4570166E-11,
          1.0,
          2.8747849E-10
        ],
        [
          7.43693E-11,
          2.8747849E-10,
          1.0
        ]
      ],
      "translation_A_to_B": [
        0.0,
        0.0,
        0.0
      ]
    },
    {
      "A_ID": 0,
      "B_ID": 1,
      "name": "depth to color",
      "rotation_A_to_B": [
        [
          0.999998,
          -0.0017761994,
          -9.281488E-4
        ],
        [
          0.0017831337,
          0.99997014,
          0.007524574
        ],
        [
          9.14756E-4,
          -0.0075262142,
          0.9999713
        ]
      ],
      "translation_A_to_B": [
        -58.18778,
        -0.19213949,
        -0.9560401
      ]
    },
    {
      "A_ID": 0,
      "B_ID": 2,
      "name": "depth to world",
      "rotation_A_to_B": [
        [
          1.0,
          -3.4570166E-11,
          7.43693E-11
        ],
        [
          -3.4570166E-11,
          1.0,
          2.8747849E-10
        ],
        [
          7.43693E-11,
          2.8747849E-10,
          1.0
        ]
      ],
      "translation_A_to_B": [
        0.0,
        0.0,
        0.0
      ]
    },
    {
      "A_ID": 0,
      "B_ID": 1,
      "name": "depth to color",
      "rotation_A_to_B": [
        [
          0.999998,
          -0.0017761994,
          -9.281488E-4
        ],
        [
          0.0017831337,
          0.99997014,
          0.007524574
        ],
        [
          9.14756E-4,
          -0.0075262142,
          0.9999713
        ]
      ],
      "translation_A_to_B": [
        -58.18778,
        -0.19213949,
        -0.9560401
      ]
    },
    {
      "A_ID": 0,
      "B_ID": 2,
      "name": "depth to world",
      "rotation_A_to_B": [
        [
          1.0,
          -3.4570166E-11,
          7.43693E-11
        ],
        [
          -3.4570166E-11,
          1.0,
          2.8747849E-10
        ],
        [
          7.43693E-11,
          2.8747849E-10,
          1.0
        ]
      ],
      "translation_A_to_B": [
        0.0,
        0.0,
        0.0
      ]
    },
    {
      "A_ID": 100,
      "B_ID": 0,
      "name": "fisheye_wrt_imu",
      "rotation_A_to_B": [
        [
          1.0,
          0.0,
          0.0
        ],
        [
          0.0,
          1.0,
          0.0
        ],
        [
          0.0,
          0.0,
          1.0
        ]
      ],
      "translation_A_to_B": [
        0.00831,
        0.00229,
        0.00451
      ]
    },
    {
      "A_ID": 100,
      "B_ID": 1,
      "name": "narrow_wrt_imu",
      "rotation_A_to_B": [
        [
          1.0,
          0.0,
          0.0
        ],
        [
          0.0,
          1.0,
          0.0
        ],
        [
          0.0,
          0.0,
          1.0
        ]
      ],
      "translation_A_to_B": [
        0.09499,
        0.00229,
        0.00164
      ]
    },
    {
      "A_ID": 100,
      "B_ID": 2,
      "name": "depth_wrt_imu",
      "rotation_A_to_B": [
        [
          1.0,
          0.0,
          0.0
        ],
        [
          0.0,
          1.0,
          0.0
        ],
        [
          0.0,
          0.0,
          1.0
        ]
      ],
      "translation_A_to_B": [
        0.03659,
        0.00229,
        0.00197
      ]
    }
  ]
}