{
  "CamerasIntrinsics": [
    {
      "cameraID": 1,
      "cameraName": "Fisheye",
      "distortionModel": "F_theta",
      "focalLength": {
        "x": 262.1419,
        "y": 260.425
      },
      "k": [
        0.8912127,
        0.0,
        0.0,
        0.0,
        0.0
      ],
      "principalPoint": {
        "x": 329.4728,
        "y": 248.5594
      },
      "resolution": {
        "mHeight": 480,
        "mWidth": 640
      }
    },
    {
      "cameraID": 1,
      "cameraName": "F200 Depth",
      "distortionModel": "DS4_distortion",
      "focalLength": {
        "x": 451.22034,
        "y": 451.22034
      },
      "principalPoint": {
        "x": 240.39465,
        "y": 179.75735
      },
      "resolution": {
        "mHeight": 360,
        "mWidth": 480
      }
    },
    {
      "cameraID": 1,
      "cameraName": "F200 RGB",
      "distortionModel": "DS4_distortion",
      "focalLength": {
        "x": 918.98267,
        "y": 920.52856
      },
      "k": [
        0.06944862,
        -0.13083687,
        -1.4992928E-4,
        -7.100302E-5,
        0.0
      ],
      "principalPoint": {
        "x": 634.43207,
        "y": 352.39038
      },
      "resolution": {
        "mHeight": 720,
        "mWidth": 1280
      }
    },
    {
      "cameraID": 1,
      "cameraName": "F200 Depth",
      "distortionModel": "DS4_distortion",
      "focalLength": {
        "x": 305.27304,
        "y": 305.27304
      },
      "principalPoint": {
        "x": 159.5123,
        "y": 119.67411
      },
      "resolution": {
        "mHeight": 240,
        "mWidth": 320
      }
    },
    {
      "cameraID": 1,
      "cameraName": "F200 RGB",
      "distortionModel": "DS4_distortion",
      "focalLength": {
        "x": 918.98267,
        "y": 920.52856
      },
      "k": [
        0.06944862,
        -0.13083687,
        -1.4992928E-4,
        -7.100302E-5,
        0.0
      ],
      "principalPoint": {
        "x": 634.43207,
        "y": 352.39038
      },
      "resolution": {
        "mHeight": 720,
        "mWidth": 1280
      }
    },
    {
      "cameraID": 1,
      "cameraName": "F200 Depth",
      "distortionModel": "DS4_distortion",
      "focalLength": {
        "x": 585.71606,
        "y": 585.71606
      },
      "principalPoint": {
        "x": 315.4849,
        "y": 233.50002
      },
      "resolution": {
        "mHeight": 468,
        "mWidth": 628
      }
    },
    {
      "cameraID": 1,
      "cameraName": "F200 RGB",
      "distortionModel": "DS4_distortion",
      "focalLength": {
        "x": 918.98267,
        "y": 920.52856
      },
      "k": [
        0.06944862,
        -0.13083687,
        -1.4992928E-4,
        -7.100302E-5,
        0.0
      ],
      "principalPoint": {
        "x": 634.43207,
        "y": 352.39038
      },
      "resolution": {
        "mHeight": 720,
        "mWidth": 1280
      }
    }
  ],
  "Extrinsics": [
    {
      "A_ID": 0,
      "B_ID": 1,
      "name": "depth to color",
      "rotation_A_to_B": [
        [
          0.99999917,
          -3.7485143E-4,
          0.0012197811
        ],
        [
          3.6819262E-4,
          0.99998504,
          0.005454674
        ],
        [
          -0.0012218074,
          -0.00545422,
          0.9999844
        ]
      ],
      "translation_A_to_B": [
        -58.03195,
        0.055668592,
        -0.701202
      ]
    },
    {
      "A_ID": 0,
      "B_ID": 2,
      "name": "depth to world",
      "rotation_A_to_B": [
        [
          0.99999994,
          2.169979E-12,
          4.8382007E-11
        ],
        [
          2.169979E-12,
          0.99999994,
          -3.5186982E-11
        ],
        [
          4.8382007E-11,
          -3.5186982E-11,
          1.0
        ]
      ],
      "translation_A_to_B": [
        0.0,
        0.0,
        0.0
      ]
    },
    {
      "A_ID": 0,
      "B_ID": 1,
      "name": "depth to color",
      "rotation_A_to_B": [
        [
          0.99999917,
          -3.7485143E-4,
          0.0012197811
        ],
        [
          3.6819262E-4,
          0.99998504,
          0.005454674
        ],
        [
          -0.0012218074,
          -0.00545422,
          0.9999844
        ]
      ],
      "translation_A_to_B": [
        -58.03195,
        0.055668592,
        -0.701202
      ]
    },
    {
      "A_ID": 0,
      "B_ID": 2,
      "name": "depth to world",
      "rotation_A_to_B": [
        [
          0.99999994,
          2.169979E-12,
          4.8382007E-11
        ],
        [
          2.169979E-12,
          0.99999994,
          -3.5186982E-11
        ],
        [
          4.8382007E-11,
          -3.5186982E-11,
          1.0
        ]
      ],
      "translation_A_to_B": [
        0.0,
        0.0,
        0.0
      ]
    },
    {
      "A_ID": 0,
      "B_ID": 1,
      "name": "depth to color",
      "rotation_A_to_B": [
        [
          0.99999917,
          -3.7485143E-4,
          0.0012197811
        ],
        [
          3.6819262E-4,
          0.99998504,
          0.005454674
        ],
        [
          -0.0012218074,
          -0.00545422,
          0.9999844
        ]
      ],
      "translation_A_to_B": [
        -58.03195,
        0.055668592,
        -0.701202
      ]
    },
    {
      "A_ID": 0,
      "B_ID": 2,
      "name": "depth to world",
      "rotation_A_to_B": [
        [
          0.99999994,
          2.169979E-12,
          4.8382007E-11
        ],
        [
          2.169979E-12,
          0.99999994,
          -3.5186982E-11
        ],
        [
          4.8382007E-11,
          -3.5186982E-11,
          1.0
        ]
      ],
      "translation_A_to_B": [
        0.0,
        0.0,
        0.0
      ]
    },
    {
      "A_ID": 100,
      "B_ID": 0,
      "name": "fisheye_wrt_imu",
      "rotation_A_to_B": [
        [
          1.0,
          0.0,
          0.0
        ],
        [
          0.0,
          1.0,
          0.0
        ],
        [
          0.0,
          0.0,
          1.0
        ]
      ],
      "translation_A_to_B": [
        0.00831,
        0.00229,
        0.00451
      ]
    },
    {
      "A_ID": 100,
      "B_ID": 1,
      "name": "narrow_wrt_imu",
      "rotation_A_to_B": [
        [
          1.0,
          0.0,
          0.0
        ],
        [
          0.0,
          1.0,
          0.0
        ],
        [
          0.0,
          0.0,
          1.0
        ]
      ],
      "translation_A_to_B": [
        0.09499,
        0.00229,
        0.00164
      ]
    },
    {
      "A_ID": 100,
      "B_ID": 2,
      "name": "depth_wrt_imu",
      "rotation_A_to_B": [
        [
          1.0,
          0.0,
          0.0
        ],
        [
          0.0,
          1.0,
          0.0
        ],
        [
          0.0,
          0.0,
          1.0
        ]
      ],
      "translation_A_to_B": [
        0.03659,
        0.00229,
        0.00197
      ]
    }
  ]
}