{
  "CamerasIntrinsics": [
    {
      "cameraID": 1,
      "cameraName": "Fisheye",
      "distortionModel": "F_theta",
      "focalLength": {
        "x": 261.8222,
        "y": 260.013
      },
      "k": [
        0.8912935,
        0.0,
        0.0,
        0.0,
        0.0
      ],
      "principalPoint": {
        "x": 317.4104,
        "y": 240.9807
      },
      "resolution": {
        "mHeight": 480,
        "mWidth": 640
      }
    },
    {
      "cameraID": 1,
      "cameraName": "F200 Depth",
      "distortionModel": "DS4_distortion",
      "focalLength": {
        "x": 444.84946,
        "y": 444.84946
      },
      "principalPoint": {
        "x": 246.09653,
        "y": 179.21272
      },
      "resolution": {
        "mHeight": 360,
        "mWidth": 480
      }
    },
    {
      "cameraID": 1,
      "cameraName": "F200 RGB",
      "distortionModel": "DS4_distortion",
      "focalLength": {
        "x": 923.4078,
        "y": 925.11566
      },
      "k": [
        0.06546215,
        -0.11215627,
        1.5737138E-4,
        -0.0010225289,
        0.0
      ],
      "principalPoint": {
        "x": 639.37616,
        "y": 352.47375
      },
      "resolution": {
        "mHeight": 720,
        "mWidth": 1280
      }
    },
    {
      "cameraID": 1,
      "cameraName": "F200 Depth",
      "distortionModel": "DS4_distortion",
      "focalLength": {
        "x": 300.96283,
        "y": 300.96283
      },
      "principalPoint": {
        "x": 163.36989,
        "y": 119.30565
      },
      "resolution": {
        "mHeight": 240,
        "mWidth": 320
      }
    },
    {
      "cameraID": 1,
      "cameraName": "F200 RGB",
      "distortionModel": "DS4_distortion",
      "focalLength": {
        "x": 923.4078,
        "y": 925.11566
      },
      "k": [
        0.06546215,
        -0.11215627,
        1.5737138E-4,
        -0.0010225289,
        0.0
      ],
      "principalPoint": {
        "x": 639.37616,
        "y": 352.47375
      },
      "resolution": {
        "mHeight": 720,
        "mWidth": 1280
      }
    },
    {
      "cameraID": 1,
      "cameraName": "F200 Depth",
      "distortionModel": "DS4_distortion",
      "focalLength": {
        "x": 576.8788,
        "y": 576.8788
      },
      "principalPoint": {
        "x": 323.1911,
        "y": 233.5
      },
      "resolution": {
        "mHeight": 468,
        "mWidth": 628
      }
    },
    {
      "cameraID": 1,
      "cameraName": "F200 RGB",
      "distortionModel": "DS4_distortion",
      "focalLength": {
        "x": 923.4078,
        "y": 925.11566
      },
      "k": [
        0.06546215,
        -0.11215627,
        1.5737138E-4,
        -0.0010225289,
        0.0
      ],
      "principalPoint": {
        "x": 639.37616,
        "y": 352.47375
      },
      "resolution": {
        "mHeight": 720,
        "mWidth": 1280
      }
    }
  ],
  "Extrinsics": [
    {
      "A_ID": 0,
      "B_ID": 1,
      "name": "depth to color",
      "rotation_A_to_B": [
        [
          0.9999779,
          0.0013328685,
          0.006515964
        ],
        [
          -0.0012719552,
          0.99995553,
          -0.009343547
        ],
        [
          -0.006528128,
          0.009335051,
          0.99993515
        ]
      ],
      "translation_A_to_B": [
        -57.77128,
        0.4537717,
        0.62620986
      ]
    },
    {
      "A_ID": 0,
      "B_ID": 2,
      "name": "depth to world",
      "rotation_A_to_B": [
        [
          1.0,
          -3.0318595E-11,
          -2.5049324E-10
        ],
        [
          -3.0318595E-11,
          1.0,
          3.8003073E-12
        ],
        [
          -2.5049324E-10,
          3.8003073E-12,
          1.0
        ]
      ],
      "translation_A_to_B": [
        0.0,
        0.0,
        0.0
      ]
    },
    {
      "A_ID": 0,
      "B_ID": 1,
      "name": "depth to color",
      "rotation_A_to_B": [
        [
          0.9999779,
          0.0013328685,
          0.006515964
        ],
        [
          -0.0012719552,
          0.99995553,
          -0.009343547
        ],
        [
          -0.006528128,
          0.009335051,
          0.99993515
        ]
      ],
      "translation_A_to_B": [
        -57.77128,
        0.4537717,
        0.62620986
      ]
    },
    {
      "A_ID": 0,
      "B_ID": 2,
      "name": "depth to world",
      "rotation_A_to_B": [
        [
          1.0,
          -3.0318595E-11,
          -2.5049324E-10
        ],
        [
          -3.0318595E-11,
          1.0,
          3.8003073E-12
        ],
        [
          -2.5049324E-10,
          3.8003073E-12,
          1.0
        ]
      ],
      "translation_A_to_B": [
        0.0,
        0.0,
        0.0
      ]
    },
    {
      "A_ID": 0,
      "B_ID": 1,
      "name": "depth to color",
      "rotation_A_to_B": [
        [
          0.9999779,
          0.0013328685,
          0.006515964
        ],
        [
          -0.0012719552,
          0.99995553,
          -0.009343547
        ],
        [
          -0.006528128,
          0.009335051,
          0.99993515
        ]
      ],
      "translation_A_to_B": [
        -57.77128,
        0.4537717,
        0.62620986
      ]
    },
    {
      "A_ID": 0,
      "B_ID": 2,
      "name": "depth to world",
      "rotation_A_to_B": [
        [
          1.0,
          -3.0318595E-11,
          -2.5049324E-10
        ],
        [
          -3.0318595E-11,
          1.0,
          3.8003073E-12
        ],
        [
          -2.5049324E-10,
          3.8003073E-12,
          1.0
        ]
      ],
      "translation_A_to_B": [
        0.0,
        0.0,
        0.0
      ]
    },
    {
      "A_ID": 100,
      "B_ID": 0,
      "name": "fisheye_wrt_imu",
      "rotation_A_to_B": [
        [
          1.0,
          0.0,
          0.0
        ],
        [
          0.0,
          1.0,
          0.0
        ],
        [
          0.0,
          0.0,
          1.0
        ]
      ],
      "translation_A_to_B": [
        0.00831,
        0.00229,
        0.00451
      ]
    },
    {
      "A_ID": 100,
      "B_ID": 1,
      "name": "narrow_wrt_imu",
      "rotation_A_to_B": [
        [
          1.0,
          0.0,
          0.0
        ],
        [
          0.0,
          1.0,
          0.0
        ],
        [
          0.0,
          0.0,
          1.0
        ]
      ],
      "translation_A_to_B": [
        0.09499,
        0.00229,
        0.00164
      ]
    },
    {
      "A_ID": 100,
      "B_ID": 2,
      "name": "depth_wrt_imu",
      "rotation_A_to_B": [
        [
          1.0,
          0.0,
          0.0
        ],
        [
          0.0,
          1.0,
          0.0
        ],
        [
          0.0,
          0.0,
          1.0
        ]
      ],
      "translation_A_to_B": [
        0.03659,
        0.00229,
        0.00197
      ]
    }
  ]
}