{
  "CamerasIntrinsics": [
    {
      "cameraID": 1,
      "cameraName": "Fisheye",
      "distortionModel": "F_theta",
      "focalLength": {
        "x": 260.7721,
        "y": 258.8679
      },
      "k": [
        0.889628,
        0.0,
        0.0,
        0.0,
        0.0
      ],
      "principalPoint": {
        "x": 319.3193,
        "y": 241.8895
      },
      "resolution": {
        "mHeight": 480,
        "mWidth": 640
      }
    },
    {
      "cameraID": 1,
      "cameraName": "F200 Depth",
      "distortionModel": "DS4_distortion",
      "focalLength": {
        "x": 452.61087,
        "y": 452.61087
      },
      "principalPoint": {
        "x": 239.5,
        "y": 178.36609
      },
      "resolution": {
        "mHeight": 360,
        "mWidth": 480
      }
    },
    {
      "cameraID": 1,
      "cameraName": "F200 RGB",
      "distortionModel": "DS4_distortion",
      "focalLength": {
        "x": 924.9702,
        "y": 926.6724
      },
      "k": [
        0.06575336,
        -0.12510277,
        4.0037856E-5,
        -7.8606745E-4,
        0.0
      ],
      "principalPoint": {
        "x": 641.60297,
        "y": 358.62097
      },
      "resolution": {
        "mHeight": 720,
        "mWidth": 1280
      }
    },
    {
      "cameraID": 1,
      "cameraName": "F200 Depth",
      "distortionModel": "DS4_distortion",
      "focalLength": {
        "x": 306.2138,
        "y": 306.2138
      },
      "principalPoint": {
        "x": 159.5,
        "y": 118.73285
      },
      "resolution": {
        "mHeight": 240,
        "mWidth": 320
      }
    },
    {
      "cameraID": 1,
      "cameraName": "F200 RGB",
      "distortionModel": "DS4_distortion",
      "focalLength": {
        "x": 924.9702,
        "y": 926.6724
      },
      "k": [
        0.06575336,
        -0.12510277,
        4.0037856E-5,
        -7.8606745E-4,
        0.0
      ],
      "principalPoint": {
        "x": 641.60297,
        "y": 358.62097
      },
      "resolution": {
        "mHeight": 720,
        "mWidth": 1280
      }
    },
    {
      "cameraID": 1,
      "cameraName": "F200 Depth",
      "distortionModel": "DS4_distortion",
      "focalLength": {
        "x": 584.3682,
        "y": 584.3682
      },
      "principalPoint": {
        "x": 312.96777,
        "y": 232.03601
      },
      "resolution": {
        "mHeight": 468,
        "mWidth": 628
      }
    },
    {
      "cameraID": 1,
      "cameraName": "F200 RGB",
      "distortionModel": "DS4_distortion",
      "focalLength": {
        "x": 924.9702,
        "y": 926.6724
      },
      "k": [
        0.06575336,
        -0.12510277,
        4.0037856E-5,
        -7.8606745E-4,
        0.0
      ],
      "principalPoint": {
        "x": 641.60297,
        "y": 358.62097
      },
      "resolution": {
        "mHeight": 720,
        "mWidth": 1280
      }
    }
  ],
  "Extrinsics": [
    {
      "A_ID": 0,
      "B_ID": 1,
      "name": "depth to color",
      "rotation_A_to_B": [
        [
          0.99999285,
          -0.0017336357,
          0.0033667115
        ],
        [
          0.0017491025,
          0.9999879,
          -0.004596547
        ],
        [
          -0.0033587024,
          0.004602403,
          0.9999837
        ]
      ],
      "translation_A_to_B": [
        -58.35843,
        0.19438158,
        -0.5668118
      ]
    },
    {
      "A_ID": 0,
      "B_ID": 2,
      "name": "depth to world",
      "rotation_A_to_B": [
        [
          1.0,
          -1.0957609E-11,
          -1.1373728E-10
        ],
        [
          -1.0957609E-11,
          1.0,
          -6.733496E-11
        ],
        [
          -1.1373728E-10,
          -6.733496E-11,
          0.99999994
        ]
      ],
      "translation_A_to_B": [
        0.0,
        0.0,
        0.0
      ]
    },
    {
      "A_ID": 0,
      "B_ID": 1,
      "name": "depth to color",
      "rotation_A_to_B": [
        [
          0.99999285,
          -0.0017336357,
          0.0033667115
        ],
        [
          0.0017491025,
          0.9999879,
          -0.004596547
        ],
        [
          -0.0033587024,
          0.004602403,
          0.9999837
        ]
      ],
      "translation_A_to_B": [
        -58.35843,
        0.19438158,
        -0.5668118
      ]
    },
    {
      "A_ID": 0,
      "B_ID": 2,
      "name": "depth to world",
      "rotation_A_to_B": [
        [
          1.0,
          -1.0957609E-11,
          -1.1373728E-10
        ],
        [
          -1.0957609E-11,
          1.0,
          -6.733496E-11
        ],
        [
          -1.1373728E-10,
          -6.733496E-11,
          0.99999994
        ]
      ],
      "translation_A_to_B": [
        0.0,
        0.0,
        0.0
      ]
    },
    {
      "A_ID": 0,
      "B_ID": 1,
      "name": "depth to color",
      "rotation_A_to_B": [
        [
          0.99999285,
          -0.0017336357,
          0.0033667115
        ],
        [
          0.0017491025,
          0.9999879,
          -0.004596547
        ],
        [
          -0.0033587024,
          0.004602403,
          0.9999837
        ]
      ],
      "translation_A_to_B": [
        -58.35843,
        0.19438158,
        -0.5668118
      ]
    },
    {
      "A_ID": 0,
      "B_ID": 2,
      "name": "depth to world",
      "rotation_A_to_B": [
        [
          1.0,
          -1.0957609E-11,
          -1.1373728E-10
        ],
        [
          -1.0957609E-11,
          1.0,
          -6.733496E-11
        ],
        [
          -1.1373728E-10,
          -6.733496E-11,
          0.99999994
        ]
      ],
      "translation_A_to_B": [
        0.0,
        0.0,
        0.0
      ]
    },
    {
      "A_ID": 100,
      "B_ID": 0,
      "name": "fisheye_wrt_imu",
      "rotation_A_to_B": [
        [
          1.0,
          0.0,
          0.0
        ],
        [
          0.0,
          1.0,
          0.0
        ],
        [
          0.0,
          0.0,
          1.0
        ]
      ],
      "translation_A_to_B": [
        0.00831,
        0.00229,
        0.00451
      ]
    },
    {
      "A_ID": 100,
      "B_ID": 1,
      "name": "narrow_wrt_imu",
      "rotation_A_to_B": [
        [
          1.0,
          0.0,
          0.0
        ],
        [
          0.0,
          1.0,
          0.0
        ],
        [
          0.0,
          0.0,
          1.0
        ]
      ],
      "translation_A_to_B": [
        0.09499,
        0.00229,
        0.00164
      ]
    },
    {
      "A_ID": 100,
      "B_ID": 2,
      "name": "depth_wrt_imu",
      "rotation_A_to_B": [
        [
          1.0,
          0.0,
          0.0
        ],
        [
          0.0,
          1.0,
          0.0
        ],
        [
          0.0,
          0.0,
          1.0
        ]
      ],
      "translation_A_to_B": [
        0.03659,
        0.00229,
        0.00197
      ]
    }
  ]
}