{
  "CamerasIntrinsics": [
    {
      "cameraID": 1,
      "cameraName": "Fisheye",
      "distortionModel": "F_theta",
      "focalLength": {
        "x": 260.498,
        "y": 258.814
      },
      "k": [
        0.8869392,
        0.0,
        0.0,
        0.0,
        0.0
      ],
      "principalPoint": {
        "x": 317.2976,
        "y": 240.7148
      },
      "resolution": {
        "mHeight": 480,
        "mWidth": 640
      }
    },
    {
      "cameraID": 1,
      "cameraName": "F200 Depth",
      "distortionModel": "DS4_distortion",
      "focalLength": {
        "x": 448.8656,
        "y": 448.8656
      },
      "principalPoint": {
        "x": 242.16994,
        "y": 179.40198
      },
      "resolution": {
        "mHeight": 360,
        "mWidth": 480
      }
    },
    {
      "cameraID": 1,
      "cameraName": "F200 RGB",
      "distortionModel": "DS4_distortion",
      "focalLength": {
        "x": 923.5087,
        "y": 924.95953
      },
      "k": [
        0.071891926,
        -0.13512383,
        1.4053819E-4,
        -0.0020031214,
        0.0
      ],
      "principalPoint": {
        "x": 633.22546,
        "y": 364.49814
      },
      "resolution": {
        "mHeight": 720,
        "mWidth": 1280
      }
    },
    {
      "cameraID": 1,
      "cameraName": "F200 Depth",
      "distortionModel": "DS4_distortion",
      "focalLength": {
        "x": 303.67993,
        "y": 303.67993
      },
      "principalPoint": {
        "x": 160.71336,
        "y": 119.433685
      },
      "resolution": {
        "mHeight": 240,
        "mWidth": 320
      }
    },
    {
      "cameraID": 1,
      "cameraName": "F200 RGB",
      "distortionModel": "DS4_distortion",
      "focalLength": {
        "x": 923.5087,
        "y": 924.95953
      },
      "k": [
        0.071891926,
        -0.13512383,
        1.4053819E-4,
        -0.0020031214,
        0.0
      ],
      "principalPoint": {
        "x": 633.22546,
        "y": 364.49814
      },
      "resolution": {
        "mHeight": 720,
        "mWidth": 1280
      }
    },
    {
      "cameraID": 1,
      "cameraName": "F200 Depth",
      "distortionModel": "DS4_distortion",
      "focalLength": {
        "x": 583.86206,
        "y": 583.86206
      },
      "principalPoint": {
        "x": 317.13873,
        "y": 233.49998
      },
      "resolution": {
        "mHeight": 468,
        "mWidth": 628
      }
    },
    {
      "cameraID": 1,
      "cameraName": "F200 RGB",
      "distortionModel": "DS4_distortion",
      "focalLength": {
        "x": 923.5087,
        "y": 924.95953
      },
      "k": [
        0.071891926,
        -0.13512383,
        1.4053819E-4,
        -0.0020031214,
        0.0
      ],
      "principalPoint": {
        "x": 633.22546,
        "y": 364.49814
      },
      "resolution": {
        "mHeight": 720,
        "mWidth": 1280
      }
    }
  ],
  "Extrinsics": [
    {
      "A_ID": 0,
      "B_ID": 1,
      "name": "depth to color",
      "rotation_A_to_B": [
        [
          0.9999716,
          -0.001296357,
          0.007418129
        ],
        [
          0.0013450145,
          0.9999776,
          -0.0065580616
        ],
        [
          -0.0074094613,
          0.006567853,
          0.99995095
        ]
      ],
      "translation_A_to_B": [
        -58.402718,
        -0.03275944,
        -1.3972721
      ]
    },
    {
      "A_ID": 0,
      "B_ID": 2,
      "name": "depth to world",
      "rotation_A_to_B": [
        [
          0.99999994,
          -1.6867919E-11,
          -1.8753385E-10
        ],
        [
          -1.6867919E-11,
          1.0,
          -6.465064E-10
        ],
        [
          -1.8753385E-10,
          -6.465064E-10,
          0.99999994
        ]
      ],
      "translation_A_to_B": [
        0.0,
        0.0,
        0.0
      ]
    },
    {
      "A_ID": 0,
      "B_ID": 1,
      "name": "depth to color",
      "rotation_A_to_B": [
        [
          0.9999716,
          -0.001296357,
          0.007418129
        ],
        [
          0.0013450145,
          0.9999776,
          -0.0065580616
        ],
        [
          -0.0074094613,
          0.006567853,
          0.99995095
        ]
      ],
      "translation_A_to_B": [
        -58.402718,
        -0.03275944,
        -1.3972721
      ]
    },
    {
      "A_ID": 0,
      "B_ID": 2,
      "name": "depth to world",
      "rotation_A_to_B": [
        [
          0.99999994,
          -1.6867919E-11,
          -1.8753385E-10
        ],
        [
          -1.6867919E-11,
          1.0,
          -6.465064E-10
        ],
        [
          -1.8753385E-10,
          -6.465064E-10,
          0.99999994
        ]
      ],
      "translation_A_to_B": [
        0.0,
        0.0,
        0.0
      ]
    },
    {
      "A_ID": 0,
      "B_ID": 1,
      "name": "depth to color",
      "rotation_A_to_B": [
        [
          0.9999716,
          -0.001296357,
          0.007418129
        ],
        [
          0.0013450145,
          0.9999776,
          -0.0065580616
        ],
        [
          -0.0074094613,
          0.006567853,
          0.99995095
        ]
      ],
      "translation_A_to_B": [
        -58.402718,
        -0.03275944,
        -1.3972721
      ]
    },
    {
      "A_ID": 0,
      "B_ID": 2,
      "name": "depth to world",
      "rotation_A_to_B": [
        [
          0.99999994,
          -1.6867919E-11,
          -1.8753385E-10
        ],
        [
          -1.6867919E-11,
          1.0,
          -6.465064E-10
        ],
        [
          -1.8753385E-10,
          -6.465064E-10,
          0.99999994
        ]
      ],
      "translation_A_to_B": [
        0.0,
        0.0,
        0.0
      ]
    },
    {
      "A_ID": 100,
      "B_ID": 0,
      "name": "fisheye_wrt_imu",
      "rotation_A_to_B": [
        [
          1.0,
          0.0,
          0.0
        ],
        [
          0.0,
          1.0,
          0.0
        ],
        [
          0.0,
          0.0,
          1.0
        ]
      ],
      "translation_A_to_B": [
        0.00831,
        0.00229,
        0.00451
      ]
    },
    {
      "A_ID": 100,
      "B_ID": 1,
      "name": "narrow_wrt_imu",
      "rotation_A_to_B": [
        [
          1.0,
          0.0,
          0.0
        ],
        [
          0.0,
          1.0,
          0.0
        ],
        [
          0.0,
          0.0,
          1.0
        ]
      ],
      "translation_A_to_B": [
        0.09499,
        0.00229,
        0.00164
      ]
    },
    {
      "A_ID": 100,
      "B_ID": 2,
      "name": "depth_wrt_imu",
      "rotation_A_to_B": [
        [
          1.0,
          0.0,
          0.0
        ],
        [
          0.0,
          1.0,
          0.0
        ],
        [
          0.0,
          0.0,
          1.0
        ]
      ],
      "translation_A_to_B": [
        0.03659,
        0.00229,
        0.00197
      ]
    }
  ]
}