{
  "CamerasIntrinsics": [
    {
      "cameraID": 1,
      "cameraName": "Fisheye",
      "distortionModel": "F_theta",
      "focalLength": {
        "x": 263.1449,
        "y": 261.0978
      },
      "k": [
        0.8891225,
        0.0,
        0.0,
        0.0,
        0.0
      ],
      "principalPoint": {
        "x": 332.0092,
        "y": 247.7065
      },
      "resolution": {
        "mHeight": 480,
        "mWidth": 640
      }
    },
    {
      "cameraID": 1,
      "cameraName": "F200 Depth",
      "distortionModel": "DS4_distortion",
      "focalLength": {
        "x": 448.68884,
        "y": 448.68884
      },
      "principalPoint": {
        "x": 239.5,
        "y": 178.60333
      },
      "resolution": {
        "mHeight": 360,
        "mWidth": 480
      }
    },
    {
      "cameraID": 1,
      "cameraName": "F200 RGB",
      "distortionModel": "DS4_distortion",
      "focalLength": {
        "x": 924.8054,
        "y": 927.07806
      },
      "k": [
        0.07538207,
        -0.14551781,
        -2.0444256E-4,
        7.8141637E-4,
        0.0
      ],
      "principalPoint": {
        "x": 639.7763,
        "y": 355.80405
      },
      "resolution": {
        "mHeight": 720,
        "mWidth": 1280
      }
    },
    {
      "cameraID": 1,
      "cameraName": "F200 Depth",
      "distortionModel": "DS4_distortion",
      "focalLength": {
        "x": 303.56036,
        "y": 303.56036
      },
      "principalPoint": {
        "x": 159.5,
        "y": 118.89335
      },
      "resolution": {
        "mHeight": 240,
        "mWidth": 320
      }
    },
    {
      "cameraID": 1,
      "cameraName": "F200 RGB",
      "distortionModel": "DS4_distortion",
      "focalLength": {
        "x": 924.8054,
        "y": 927.07806
      },
      "k": [
        0.07538207,
        -0.14551781,
        -2.0444256E-4,
        7.8141637E-4,
        0.0
      ],
      "principalPoint": {
        "x": 639.7763,
        "y": 355.80405
      },
      "resolution": {
        "mHeight": 720,
        "mWidth": 1280
      }
    },
    {
      "cameraID": 1,
      "cameraName": "F200 Depth",
      "distortionModel": "DS4_distortion",
      "focalLength": {
        "x": 579.30444,
        "y": 579.30444
      },
      "principalPoint": {
        "x": 313.49997,
        "y": 232.3423
      },
      "resolution": {
        "mHeight": 468,
        "mWidth": 628
      }
    },
    {
      "cameraID": 1,
      "cameraName": "F200 RGB",
      "distortionModel": "DS4_distortion",
      "focalLength": {
        "x": 924.8054,
        "y": 927.07806
      },
      "k": [
        0.07538207,
        -0.14551781,
        -2.0444256E-4,
        7.8141637E-4,
        0.0
      ],
      "principalPoint": {
        "x": 639.7763,
        "y": 355.80405
      },
      "resolution": {
        "mHeight": 720,
        "mWidth": 1280
      }
    }
  ],
  "Extrinsics": [
    {
      "A_ID": 0,
      "B_ID": 1,
      "name": "depth to color",
      "rotation_A_to_B": [
        [
          0.99998945,
          -0.0037679595,
          0.0026365034
        ],
        [
          0.0037739214,
          0.99999034,
          -0.0022600961
        ],
        [
          -0.002627962,
          0.0022700222,
          0.999994
        ]
      ],
      "translation_A_to_B": [
        -58.15264,
        -0.3038271,
        -0.08038409
      ]
    },
    {
      "A_ID": 0,
      "B_ID": 2,
      "name": "depth to world",
      "rotation_A_to_B": [
        [
          1.0,
          -2.7109878E-10,
          -5.7386117E-11
        ],
        [
          -2.7109878E-10,
          1.0,
          4.543152E-11
        ],
        [
          -5.7386117E-11,
          4.543152E-11,
          1.0
        ]
      ],
      "translation_A_to_B": [
        0.0,
        0.0,
        0.0
      ]
    },
    {
      "A_ID": 0,
      "B_ID": 1,
      "name": "depth to color",
      "rotation_A_to_B": [
        [
          0.99998945,
          -0.0037679595,
          0.0026365034
        ],
        [
          0.0037739214,
          0.99999034,
          -0.0022600961
        ],
        [
          -0.002627962,
          0.0022700222,
          0.999994
        ]
      ],
      "translation_A_to_B": [
        -58.15264,
        -0.3038271,
        -0.08038409
      ]
    },
    {
      "A_ID": 0,
      "B_ID": 2,
      "name": "depth to world",
      "rotation_A_to_B": [
        [
          1.0,
          -2.7109878E-10,
          -5.7386117E-11
        ],
        [
          -2.7109878E-10,
          1.0,
          4.543152E-11
        ],
        [
          -5.7386117E-11,
          4.543152E-11,
          1.0
        ]
      ],
      "translation_A_to_B": [
        0.0,
        0.0,
        0.0
      ]
    },
    {
      "A_ID": 0,
      "B_ID": 1,
      "name": "depth to color",
      "rotation_A_to_B": [
        [
          0.99998945,
          -0.0037679595,
          0.0026365034
        ],
        [
          0.0037739214,
          0.99999034,
          -0.0022600961
        ],
        [
          -0.002627962,
          0.0022700222,
          0.999994
        ]
      ],
      "translation_A_to_B": [
        -58.15264,
        -0.3038271,
        -0.08038409
      ]
    },
    {
      "A_ID": 0,
      "B_ID": 2,
      "name": "depth to world",
      "rotation_A_to_B": [
        [
          1.0,
          -2.7109878E-10,
          -5.7386117E-11
        ],
        [
          -2.7109878E-10,
          1.0,
          4.543152E-11
        ],
        [
          -5.7386117E-11,
          4.543152E-11,
          1.0
        ]
      ],
      "translation_A_to_B": [
        0.0,
        0.0,
        0.0
      ]
    },
    {
      "A_ID": 100,
      "B_ID": 0,
      "name": "fisheye_wrt_imu",
      "rotation_A_to_B": [
        [
          1.0,
          0.0,
          0.0
        ],
        [
          0.0,
          1.0,
          0.0
        ],
        [
          0.0,
          0.0,
          1.0
        ]
      ],
      "translation_A_to_B": [
        0.00831,
        0.00229,
        0.00451
      ]
    },
    {
      "A_ID": 100,
      "B_ID": 1,
      "name": "narrow_wrt_imu",
      "rotation_A_to_B": [
        [
          1.0,
          0.0,
          0.0
        ],
        [
          0.0,
          1.0,
          0.0
        ],
        [
          0.0,
          0.0,
          1.0
        ]
      ],
      "translation_A_to_B": [
        0.09499,
        0.00229,
        0.00164
      ]
    },
    {
      "A_ID": 100,
      "B_ID": 2,
      "name": "depth_wrt_imu",
      "rotation_A_to_B": [
        [
          1.0,
          0.0,
          0.0
        ],
        [
          0.0,
          1.0,
          0.0
        ],
        [
          0.0,
          0.0,
          1.0
        ]
      ],
      "translation_A_to_B": [
        0.03659,
        0.00229,
        0.00197
      ]
    }
  ]
}